820
(
(-0.0159719 -0.016223 -0.0134396)
(-0.0190902 -0.0180675 -0.0156292)
(-0.0188275 -0.0262554 -0.014372)
(-0.0154531 -0.027174 -0.0116123)
(-0.02041 -0.0212975 -0.0162366)
(-0.01234 -0.0244104 -0.00956299)
(-0.0157297 -0.0162079 -0.0132529)
(-0.0154634 -0.0161659 -0.0130469)
(-0.0184723 -0.0265782 -0.0140435)
(-0.0192522 -0.0257072 -0.0147739)
(-0.0142455 -0.0164717 -0.0120599)
(-0.0117251 -0.0225849 -0.0093165)
(-0.0144793 -0.0260046 -0.0110476)
(-0.0144153 -0.0253937 -0.0111002)
(-0.0135011 -0.0260099 -0.0102573)
(-0.0144391 -0.0247961 -0.0112149)
(-0.0132432 -0.0238491 -0.0103926)
(-0.0172594 -0.0235396 -0.013595)
(-0.0176422 -0.0238385 -0.0138507)
(-0.0176106 -0.0235311 -0.0138677)
(-0.0172751 -0.0213755 -0.013886)
(-0.0172574 -0.0210729 -0.0139107)
(-0.0176803 -0.0263265 -0.0134998)
(-0.0150582 -0.0266362 -0.0114052)
(-0.0172799 -0.0238422 -0.0135706)
(-0.0150735 -0.0260344 -0.0115237)
(-0.0144896 -0.0241412 -0.0113496)
(-0.0144364 -0.0235331 -0.0113908)
(-0.018883 -0.0201616 -0.015262)
(-0.0199363 -0.0201102 -0.0160348)
(-0.0188549 -0.0210676 -0.0151347)
(-0.0163181 -0.025082 -0.0126525)
(-0.0164055 -0.0260111 -0.0125757)
(-0.0163807 -0.0185891 -0.0135328)
(-0.01632 -0.0176658 -0.0135827)
(-0.0138475 -0.022599 -0.0110494)
(-0.0122752 -0.0201226 -0.0100915)
(-0.0122296 -0.018566 -0.0102247)
(-0.0188834 -0.0238392 -0.0147919)
(-0.0189303 -0.0223102 -0.0150352)
(-0.018874 -0.0213697 -0.0151121)
(-0.0188607 -0.0235377 -0.0148177)
(-0.0186125 -0.0225974 -0.0147582)
(-0.0176162 -0.0226123 -0.0139925)
(-0.0185835 -0.0222933 -0.0147758)
(-0.0176106 -0.0223245 -0.0140254)
(-0.0185241 -0.0213819 -0.0148466)
(-0.0173586 -0.0226182 -0.0137921)
(-0.0173469 -0.0222881 -0.0138254)
(-0.018615 -0.0201269 -0.0150659)
(-0.0198839 -0.0198217 -0.0160286)
(-0.0185973 -0.0198237 -0.0150868)
(-0.0185375 -0.0189029 -0.0151403)
(-0.0185692 -0.0176132 -0.0152911)
(-0.0185264 -0.0185949 -0.0151628)
(-0.0160833 -0.0263175 -0.0122727)
(-0.0162975 -0.0247829 -0.0126792)
(-0.017359 -0.0247759 -0.0135024)
(-0.0160414 -0.0238371 -0.0126081)
(-0.016029 -0.0226128 -0.0127551)
(-0.0160195 -0.0235325 -0.012631)
(-0.0160239 -0.0223249 -0.0127872)
(-0.0150679 -0.0201366 -0.012322)
(-0.0150486 -0.0198333 -0.0123448)
(-0.0138456 -0.020133 -0.0113615)
(-0.0137623 -0.0189125 -0.0114393)
(-0.0138169 -0.0198254 -0.0113763)
(-0.0163064 -0.0173588 -0.0136005)
(-0.0150009 -0.0163495 -0.0126662)
(-0.0150666 -0.0173505 -0.0126351)
(-0.013811 -0.0185982 -0.0115126)
(-0.0147332 -0.0176657 -0.0123422)
(-0.0135564 -0.0186028 -0.0113072)
(-0.0135053 -0.017656 -0.0113605)
(-0.0134912 -0.0173525 -0.0113779)
(-0.01322 -0.0235245 -0.0104208)
(-0.0138165 -0.0222943 -0.0110648)
(-0.0125321 -0.0213718 -0.0101502)
(-0.012287 -0.0226146 -0.00978188)
(-0.0135585 -0.0210704 -0.0110176)
(-0.0125362 -0.0201621 -0.0103026)
(-0.0134684 -0.0198292 -0.0110981)
(-0.0121779 -0.0188762 -0.01015)
(-0.0122568 -0.0198171 -0.0101119)
(-0.0144425 -0.0256972 -0.0110707)
(-0.0145084 -0.0263372 -0.0110133)
(-0.0147568 -0.0263477 -0.0112141)
(-0.0143923 -0.0250939 -0.011131)
(-0.0137646 -0.0260377 -0.0104651)
(-0.0137444 -0.0257336 -0.0105014)
(-0.0148416 -0.0269001 -0.011185)
(-0.0140998 -0.0265945 -0.0106258)
(-0.0135201 -0.0250801 -0.0104288)
(-0.0131602 -0.0250952 -0.0101308)
(-0.0134607 -0.0257699 -0.0102654)
(-0.0137659 -0.023853 -0.0108145)
(-0.0134873 -0.0247715 -0.010451)
(-0.0131376 -0.0247865 -0.0101614)
(-0.012575 -0.0244877 -0.00974468)
(-0.0122052 -0.0238402 -0.00953749)
(-0.0195722 -0.020741 -0.0157)
(-0.0169727 -0.0232516 -0.0134103)
(-0.0172421 -0.0232402 -0.013621)
(-0.0169785 -0.0210893 -0.0136916)
(-0.020128 -0.0238691 -0.015694)
(-0.0201217 -0.0241092 -0.0156556)
(-0.0176635 -0.0241407 -0.0138258)
(-0.017995 -0.023849 -0.0141201)
(-0.0198036 -0.0213806 -0.0157911)
(-0.01794 -0.02322 -0.0141627)
(-0.0175884 -0.0232285 -0.0138906)
(-0.0176259 -0.0213672 -0.0141592)
(-0.0176562 -0.0216717 -0.0141441)
(-0.0172965 -0.0216782 -0.0138641)
(-0.019515 -0.019184 -0.0158283)
(-0.0197659 -0.0192225 -0.0160072)
(-0.0176048 -0.0210626 -0.0141813)
(-0.0175855 -0.0207592 -0.0142043)
(-0.0173037 -0.020759 -0.0139863)
(-0.0172795 -0.018902 -0.014192)
(-0.0169332 -0.0189127 -0.0139235)
(-0.0172989 -0.0192076 -0.0141716)
(-0.0169476 -0.0192159 -0.0138993)
(-0.0172623 -0.0185981 -0.0142128)
(-0.0169805 -0.0185986 -0.0139954)
(-0.0170022 -0.0166839 -0.0141926)
(-0.0169435 -0.0164375 -0.014165)
(-0.0150306 -0.0263342 -0.0114367)
(-0.0153992 -0.0266235 -0.0116803)
(-0.0169514 -0.0241555 -0.0132739)
(-0.0153933 -0.0257217 -0.0118304)
(-0.0153484 -0.02602 -0.0117447)
(-0.0151441 -0.0257022 -0.0116355)
(-0.0150777 -0.0238679 -0.0118503)
(-0.0150841 -0.0241556 -0.0118163)
(-0.0144585 -0.0238378 -0.011367)
(-0.0148155 -0.0238314 -0.011649)
(-0.0148282 -0.0241611 -0.0116141)
(-0.0147949 -0.0235292 -0.0116733)
(-0.0144147 -0.0232294 -0.011414)
(-0.0144822 -0.0216726 -0.0116689)
(-0.0144517 -0.0213679 -0.0116839)
(-0.0144109 -0.0207603 -0.011729)
(-0.0144305 -0.0210631 -0.011706)
(-0.0118869 -0.0232317 -0.00935947)
(-0.0129084 -0.0191974 -0.0107172)
(-0.0128323 -0.0182683 -0.0107526)
(-0.0195723 -0.0232208 -0.0153843)
(-0.0191764 -0.0204485 -0.0154452)
(-0.0188867 -0.0204504 -0.0152317)
(-0.0195563 -0.0204356 -0.0157234)
(-0.0199514 -0.020429 -0.0160088)
(-0.0195289 -0.0201265 -0.0157379)
(-0.0191937 -0.0207512 -0.0154231)
(-0.0188397 -0.0207646 -0.0151597)
(-0.0187292 -0.0176628 -0.0154032)
(-0.0188468 -0.0179548 -0.0154612)
(-0.0192371 -0.0183117 -0.0156997)
(-0.0188814 -0.0185808 -0.0154259)
(-0.018862 -0.0182783 -0.0154411)
(-0.0167026 -0.0253772 -0.0129074)
(-0.0163428 -0.0253835 -0.0126271)
(-0.0170445 -0.0253971 -0.0131681)
(-0.016937 -0.0260216 -0.0129848)
(-0.016729 -0.0257018 -0.0128771)
(-0.016378 -0.0256872 -0.0126073)
(-0.0166575 -0.0260327 -0.0127676)
(-0.016309 -0.0226131 -0.0129738)
(-0.0163285 -0.0229159 -0.0129508)
(-0.0167092 -0.0232153 -0.0132098)
(-0.0172909 -0.0229427 -0.0136977)
(-0.0170178 -0.0225986 -0.0135295)
(-0.01704 -0.0229236 -0.0135051)
(-0.0166892 -0.0229125 -0.013233)
(-0.0163496 -0.0232211 -0.0129286)
(-0.0167063 -0.0207456 -0.013523)
(-0.0166769 -0.0204416 -0.0135386)
(-0.0163257 -0.0204465 -0.0132643)
(-0.016354 -0.0182811 -0.0135462)
(-0.0163364 -0.0179743 -0.0135649)
(-0.0138701 -0.022924 -0.0110244)
(-0.0141192 -0.0229436 -0.011219)
(-0.0185686 -0.0263272 -0.0141666)
(-0.0198282 -0.023867 -0.0154773)
(-0.0195318 -0.0238737 -0.0152622)
(-0.0195656 -0.0248005 -0.0151482)
(-0.0188678 -0.0254192 -0.0145376)
(-0.0186328 -0.0250967 -0.0144163)
(-0.0182588 -0.0260211 -0.0139867)
(-0.0185507 -0.0260262 -0.0142033)
(-0.0189186 -0.0241437 -0.0147734)
(-0.0186128 -0.0247625 -0.0144538)
(-0.017677 -0.0244705 -0.0137901)
(-0.0178926 -0.0247784 -0.0139102)
(-0.0182005 -0.0241656 -0.0142327)
(-0.0182479 -0.0238679 -0.0143106)
(-0.0202238 -0.0219867 -0.0160189)
(-0.0191911 -0.0223035 -0.0152299)
(-0.0189083 -0.0219793 -0.0150613)
(-0.0188959 -0.0216769 -0.0150902)
(-0.0188423 -0.0232348 -0.0148459)
(-0.0182808 -0.0229115 -0.0144647)
(-0.01825 -0.022604 -0.0144813)
(-0.0179181 -0.0229154 -0.014186)
(-0.0175702 -0.0229261 -0.0139162)
(-0.0181991 -0.0219972 -0.0145208)
(-0.0179938 -0.0216892 -0.0144026)
(-0.0179268 -0.0220171 -0.0143092)
(-0.0182495 -0.0216846 -0.0145993)
(-0.0185327 -0.0216846 -0.014815)
(-0.017327 -0.0219857 -0.0138486)
(-0.0186252 -0.0204577 -0.0150352)
(-0.0192118 -0.0195136 -0.0155731)
(-0.0189461 -0.0198369 -0.0153441)
(-0.0192141 -0.0198225 -0.0155419)
(-0.0189294 -0.0195093 -0.0153667)
(-0.0195051 -0.0195072 -0.0157873)
(-0.0185699 -0.0195149 -0.0151003)
(-0.0185526 -0.0192083 -0.0151201)
(-0.0179371 -0.0207509 -0.0144763)
(-0.0176157 -0.0201425 -0.0143036)
(-0.0175699 -0.0204562 -0.0142298)
(-0.0179167 -0.0204457 -0.0144979)
(-0.018214 -0.0195245 -0.0148328)
(-0.0179265 -0.0192367 -0.014648)
(-0.0176608 -0.0192013 -0.0144497)
(-0.0179301 -0.0195253 -0.0146178)
(-0.0172985 -0.0204709 -0.0140182)
(-0.0173579 -0.020149 -0.0141036)
(-0.017016 -0.0201326 -0.0138407)
(-0.0173468 -0.0198185 -0.0141353)
(-0.0169867 -0.0198247 -0.0138556)
(-0.0173278 -0.0195157 -0.0141573)
(-0.0169662 -0.0195194 -0.0138771)
(-0.0185787 -0.0179386 -0.0152657)
(-0.0183125 -0.0175996 -0.0151057)
(-0.0185793 -0.0182652 -0.0152341)
(-0.0182941 -0.0172954 -0.0151156)
(-0.0176153 -0.018589 -0.0144839)
(-0.0175756 -0.0176636 -0.0145483)
(-0.0170407 -0.0179857 -0.0141059)
(-0.0172998 -0.0176841 -0.0143333)
(-0.0172995 -0.0179775 -0.0143055)
(-0.0170353 -0.0176506 -0.0141331)
(-0.0170036 -0.0170197 -0.0141647)
(-0.0170232 -0.0173401 -0.0141517)
(-0.0166123 -0.0164107 -0.0139178)
(-0.0170061 -0.0266374 -0.012932)
(-0.0169642 -0.0263241 -0.0129542)
(-0.0166134 -0.0263296 -0.0126828)
(-0.0163161 -0.0269191 -0.0123489)
(-0.0157785 -0.0269144 -0.0119307)
(-0.0160028 -0.0271869 -0.0120566)
(-0.0150941 -0.0269341 -0.0113805)
(-0.0154335 -0.0269266 -0.0116547)
(-0.015759 -0.0266028 -0.011969)
(-0.0166254 -0.024469 -0.012978)
(-0.0163463 -0.0244851 -0.0127588)
(-0.0166451 -0.0247715 -0.0129511)
(-0.016973 -0.0244574 -0.0132492)
(-0.0173346 -0.0244512 -0.0135296)
(-0.0170058 -0.0247645 -0.0132316)
(-0.0160955 -0.0244656 -0.0125659)
(-0.0160727 -0.0241412 -0.012592)
(-0.0157127 -0.025392 -0.0121336)
(-0.0150837 -0.0250736 -0.0116856)
(-0.0151178 -0.0253774 -0.0116664)
(-0.015364 -0.0241561 -0.012036)
(-0.0150597 -0.0247717 -0.0117108)
(-0.0150398 -0.0244692 -0.011738)
(-0.0153856 -0.0244576 -0.0120116)
(-0.0147619 -0.0253839 -0.0113809)
(-0.014736 -0.0250822 -0.0114077)
(-0.014513 -0.0244654 -0.0113223)
(-0.0147144 -0.024783 -0.0114357)
(-0.0147623 -0.0244852 -0.0115169)
(-0.0159837 -0.0229264 -0.0126804)
(-0.0157722 -0.0226191 -0.0125541)
(-0.0159997 -0.0232293 -0.0126545)
(-0.0162926 -0.0223136 -0.0129986)
(-0.0163419 -0.022016 -0.0130747)
(-0.0169873 -0.022294 -0.0135445)
(-0.0169661 -0.0219892 -0.0135668)
(-0.0166661 -0.0216859 -0.0133709)
(-0.016398 -0.0213617 -0.0132027)
(-0.0164096 -0.0216916 -0.0131692)
(-0.01662 -0.0219996 -0.0132946)
(-0.0157607 -0.0222887 -0.0125866)
(-0.0151224 -0.0232154 -0.0119713)
(-0.0150716 -0.0226066 -0.0120098)
(-0.0150927 -0.0229115 -0.0119872)
(-0.0150507 -0.0223027 -0.0120322)
(-0.0150332 -0.0220002 -0.0120572)
(-0.0147222 -0.0226135 -0.0117358)
(-0.0144426 -0.0226133 -0.0115168)
(-0.0145044 -0.0219975 -0.0116445)
(-0.0147055 -0.0223142 -0.0117613)
(-0.0144371 -0.0223255 -0.0115497)
(-0.0147546 -0.0220169 -0.0118379)
(-0.0160262 -0.0201437 -0.0130693)
(-0.0159812 -0.0204571 -0.0129942)
(-0.0157694 -0.0201499 -0.0128682)
(-0.0160174 -0.021063 -0.0129439)
(-0.0162901 -0.0198442 -0.0133124)
(-0.0157385 -0.0195166 -0.012923)
(-0.0160212 -0.0198558 -0.0131016)
(-0.0157579 -0.0198195 -0.0129006)
(-0.0151194 -0.0207459 -0.012285)
(-0.0143944 -0.0204607 -0.0117537)
(-0.0144438 -0.020163 -0.0118297)
(-0.0147217 -0.0201468 -0.0120498)
(-0.0138646 -0.0204354 -0.0113393)
(-0.014483 -0.0192062 -0.0119769)
(-0.0148228 -0.0192229 -0.0122422)
(-0.0141253 -0.0192096 -0.011694)
(-0.0137777 -0.0192154 -0.0114171)
(-0.0141061 -0.0189026 -0.0117142)
(-0.0145015 -0.0195086 -0.0119552)
(-0.0137969 -0.0195197 -0.0113969)
(-0.015391 -0.0185997 -0.0127607)
(-0.0159744 -0.0176773 -0.0133141)
(-0.0154488 -0.0179882 -0.0128731)
(-0.0151084 -0.0179713 -0.0126078)
(-0.0162971 -0.0170483 -0.0136208)
(-0.0160932 -0.0167354 -0.0134905)
(-0.0150352 -0.0167125 -0.0126669)
(-0.0157612 -0.0170321 -0.0132074)
(-0.0154002 -0.0170319 -0.0129257)
(-0.0150504 -0.0170345 -0.0126508)
(-0.0144183 -0.0182852 -0.01203)
(-0.0147678 -0.0182813 -0.0123067)
(-0.0144365 -0.0185925 -0.0120109)
(-0.0140763 -0.0182951 -0.0117566)
(-0.0138085 -0.0183092 -0.0115406)
(-0.0138638 -0.0176533 -0.0116497)
(-0.0138705 -0.0179862 -0.0116229)
(-0.0135476 -0.0182706 -0.0113342)
(-0.0135306 -0.0179656 -0.0113509)
(-0.0141806 -0.0170255 -0.0119617)
(-0.0144876 -0.0164438 -0.0122558)
(-0.0144983 -0.0167418 -0.0122403)
(-0.0138222 -0.0167054 -0.0116889)
(-0.0144376 -0.0170658 -0.0121631)
(-0.014707 -0.0170511 -0.0123782)
(-0.0141643 -0.0167 -0.0119779)
(-0.0134805 -0.0170564 -0.0113924)
(-0.0131662 -0.0229159 -0.0104623)
(-0.013144 -0.0226126 -0.0104858)
(-0.0134907 -0.0226049 -0.010765)
(-0.0128025 -0.0226233 -0.0102064)
(-0.013775 -0.0216868 -0.0111107)
(-0.0131746 -0.0220158 -0.0105901)
(-0.013125 -0.0223134 -0.0105106)
(-0.0132419 -0.0216916 -0.0106858)
(-0.0129062 -0.0216712 -0.0104176)
(-0.012554 -0.0216769 -0.0101289)
(-0.0129276 -0.0219956 -0.0103928)
(-0.0128517 -0.0223262 -0.0102874)
(-0.0125845 -0.0219808 -0.010114)
(-0.0119593 -0.0229216 -0.00946664)
(-0.0118741 -0.021688 -0.00956392)
(-0.011622 -0.0216946 -0.00934744)
(-0.0115836 -0.0214076 -0.00934914)
(-0.0122354 -0.0219859 -0.0098247)
(-0.0135373 -0.0207457 -0.0110413)
(-0.0125407 -0.020451 -0.0102718)
(-0.0129194 -0.0195294 -0.0106893)
(-0.0131694 -0.0192364 -0.0109259)
(-0.0125493 -0.0191971 -0.0104228)
(-0.0131733 -0.0195252 -0.0108965)
(-0.0126038 -0.019833 -0.0103963)
(-0.0122072 -0.0191988 -0.0101409)
(-0.0122272 -0.0195044 -0.0101231)
(-0.0116809 -0.0204672 -0.00955776)
(-0.0116892 -0.0207579 -0.00952895)
(-0.0128003 -0.0179254 -0.0107608)
(-0.0147049 -0.0266556 -0.0111174)
(-0.0144442 -0.0266836 -0.0108994)
(-0.0141326 -0.0241472 -0.0110657)
(-0.0137855 -0.0241553 -0.0107869)
(-0.0141902 -0.0247761 -0.0110192)
(-0.0138436 -0.0247625 -0.0107423)
(-0.0125306 -0.0247916 -0.00965849)
(-0.020168 -0.0210581 -0.0160907)
(-0.0198538 -0.0210643 -0.015865)
(-0.0172866 -0.0260091 -0.0132546)
(-0.020198 -0.0213616 -0.0160765)
(-0.0176497 -0.0259994 -0.0135323)
(-0.0179969 -0.0260234 -0.0137901)
(-0.0201628 -0.0235687 -0.0157615)
(-0.0173255 -0.026316 -0.013232)
(-0.0188795 -0.0226331 -0.014955)
(-0.0191557 -0.0226182 -0.015162)
(-0.0198944 -0.0226008 -0.0157017)
(-0.0192302 -0.0235311 -0.0150913)
(-0.017294 -0.0251039 -0.0134046)
(-0.0167281 -0.0210702 -0.0134986)
(-0.0163779 -0.0210595 -0.0132261)
(-0.0163063 -0.0201436 -0.0132875)
(-0.0166563 -0.0201367 -0.0135607)
(-0.0151347 -0.0186062 -0.0125591)
(-0.0147946 -0.0185894 -0.0122938)
(-0.0150829 -0.0176612 -0.0126189)
(-0.0138102 -0.0235394 -0.0108938)
(-0.0140883 -0.0235399 -0.0111147)
(-0.0125108 -0.0210676 -0.0101712)
(-0.0121657 -0.0210774 -0.00988464)
(-0.019255 -0.0238345 -0.0150661)
(-0.0189002 -0.0250961 -0.014614)
(-0.0189145 -0.0260351 -0.0144724)
(-0.0175652 -0.0250926 -0.0136139)
(-0.0179149 -0.02508 -0.0138815)
(-0.0189476 -0.0244706 -0.0147459)
(-0.0188849 -0.0248019 -0.0146492)
(-0.0176114 -0.024795 -0.0136934)
(-0.0185301 -0.0238513 -0.0145262)
(-0.0202633 -0.0223145 -0.0160053)
(-0.020372 -0.0226412 -0.0160407)
(-0.0201784 -0.0226362 -0.0159018)
(-0.019863 -0.0222958 -0.0157191)
(-0.0185743 -0.0235375 -0.0146035)
(-0.0185697 -0.0210681 -0.0149201)
(-0.0176429 -0.018898 -0.0144705)
(-0.0179884 -0.0189136 -0.0147302)
(-0.0163988 -0.0188917 -0.0135119)
(-0.0179806 -0.0185807 -0.0147594)
(-0.0176337 -0.0173295 -0.0146229)
(-0.0167227 -0.0186054 -0.0137956)
(-0.0166733 -0.0176605 -0.0138549)
(-0.0163445 -0.0163709 -0.0137155)
(-0.0166583 -0.0173502 -0.0138717)
(-0.0160871 -0.0163977 -0.0135148)
(-0.0163503 -0.0271962 -0.0123267)
(-0.0166971 -0.0271851 -0.012598)
(-0.0163345 -0.0263393 -0.0124649)
(-0.015973 -0.0250934 -0.0123817)
(-0.0160537 -0.0259957 -0.0123043)
(-0.0160202 -0.0247965 -0.0124611)
(-0.0151446 -0.0235399 -0.0119462)
(-0.0154309 -0.0226025 -0.0122904)
(-0.0151415 -0.0210706 -0.0122605)
(-0.0150741 -0.0213986 -0.0121659)
(-0.0153433 -0.0213873 -0.0123768)
(-0.0141865 -0.022619 -0.0113146)
(-0.0148109 -0.0213622 -0.0119654)
(-0.0137583 -0.0213873 -0.0111357)
(-0.0141024 -0.021376 -0.0114085)
(-0.0141746 -0.0222888 -0.0113481)
(-0.0154282 -0.0201331 -0.012604)
(-0.0166359 -0.0198327 -0.0135825)
(-0.01604 -0.0188983 -0.0132324)
(-0.0150745 -0.0189283 -0.0124748)
(-0.0153444 -0.0189136 -0.0126877)
(-0.0153983 -0.0198252 -0.0126192)
(-0.0148124 -0.0188924 -0.0122731)
(-0.0147909 -0.0210598 -0.0119885)
(-0.0138075 -0.0210898 -0.0112124)
(-0.0140849 -0.0210735 -0.0114332)
(-0.0138754 -0.0207654 -0.0113068)
(-0.0134883 -0.0201361 -0.0110771)
(-0.0147682 -0.0198329 -0.0121252)
(-0.0134864 -0.0189283 -0.0112161)
(-0.0160207 -0.0185926 -0.0132528)
(-0.0160251 -0.0173611 -0.013383)
(-0.01474 -0.0163969 -0.0124566)
(-0.0147182 -0.0173588 -0.0123592)
(-0.0126063 -0.0223054 -0.0100885)
(-0.0125308 -0.0226359 -0.00998107)
(-0.013491 -0.0213984 -0.0109224)
(-0.0134686 -0.0223023 -0.0107875)
(-0.0121867 -0.0213766 -0.00986403)
(-0.0122666 -0.0222897 -0.00980963)
(-0.0141186 -0.0260217 -0.0107523)
(-0.0140932 -0.025712 -0.0107865)
(-0.0138685 -0.0250894 -0.0107106)
(-0.0140707 -0.0254084 -0.0108207)
(-0.0141175 -0.0251078 -0.0109086)
(-0.0137944 -0.0254257 -0.0105955)
(-0.0142712 -0.0266106 -0.0107703)
(-0.0141458 -0.0263397 -0.0107174)
(-0.0138257 -0.026308 -0.0104642)
(-0.0135423 -0.025414 -0.0103921)
(-0.0131923 -0.0254033 -0.0101078)
(-0.0131392 -0.0256616 -0.0100147)
(-0.013291 -0.0256998 -0.0101406)
(-0.0128351 -0.0251036 -0.00986109)
(-0.0129371 -0.0253741 -0.00990186)
(-0.0141093 -0.0238425 -0.0110899)
(-0.0141656 -0.0244514 -0.0110483)
(-0.0138096 -0.0244577 -0.0107615)
(-0.0134632 -0.0244674 -0.0104787)
(-0.0131186 -0.0244823 -0.0101939)
(-0.0134904 -0.023869 -0.0105908)
(-0.0128984 -0.0238356 -0.0101116)
(-0.0125435 -0.0238426 -0.00981734)
(-0.01292 -0.0241627 -0.01008)
(-0.0125722 -0.0241482 -0.00979513)
(-0.0127832 -0.0248089 -0.00986506)
(-0.0128404 -0.0244998 -0.0099621)
(-0.0134425 -0.0241671 -0.0105076)
(-0.0131688 -0.0241809 -0.010282)
(-0.012304 -0.0241474 -0.0095734)
(-0.0198729 -0.0235591 -0.0155536)
(-0.0195904 -0.0235531 -0.0153507)
(-0.0199079 -0.0229358 -0.0156664)
(-0.0198548 -0.0232641 -0.0155826)
(-0.0195794 -0.0210738 -0.0156661)
(-0.0198543 -0.0207727 -0.0158988)
(-0.0172618 -0.0257059 -0.013286)
(-0.0169813 -0.0257222 -0.0130685)
(-0.0169785 -0.0235394 -0.0133772)
(-0.0202225 -0.0216766 -0.016057)
(-0.0201437 -0.0207593 -0.016108)
(-0.0179389 -0.0263543 -0.0136896)
(-0.018217 -0.0263394 -0.0139007)
(-0.0179044 -0.0266551 -0.0136115)
(-0.0182327 -0.0266418 -0.0138544)
(-0.0198667 -0.0241713 -0.0154615)
(-0.0179778 -0.0256894 -0.0138315)
(-0.017612 -0.0256937 -0.0135546)
(-0.0179286 -0.0241771 -0.0140241)
(-0.0173024 -0.0241468 -0.0135468)
(-0.0201451 -0.0232516 -0.0157938)
(-0.0203587 -0.0231843 -0.0159562)
(-0.0198091 -0.0216846 -0.0157579)
(-0.0195099 -0.0216859 -0.0155415)
(-0.0195152 -0.0213976 -0.0155808)
(-0.0179715 -0.0235244 -0.0141462)
(-0.0169295 -0.0213869 -0.0136152)
(-0.0169463 -0.0216864 -0.01359)
(-0.0195721 -0.0188779 -0.0158978)
(-0.0170464 -0.0207649 -0.0137856)
(-0.0169775 -0.0183098 -0.0140246)
(-0.0172496 -0.0182941 -0.0142356)
(-0.0176102 -0.026659 -0.0133892)
(-0.0173582 -0.0266537 -0.0131986)
(-0.0153726 -0.0263202 -0.0117121)
(-0.0148256 -0.0260141 -0.0113274)
(-0.0169342 -0.0238528 -0.0133012)
(-0.0147979 -0.0256883 -0.01136)
(-0.0147639 -0.0232215 -0.0116895)
(-0.0157473 -0.0167261 -0.0132231)
(-0.0153834 -0.016713 -0.0129403)
(-0.0157254 -0.016429 -0.0132317)
(-0.013182 -0.0207518 -0.0107568)
(-0.0128351 -0.0207555 -0.0104758)
(-0.0132112 -0.0210593 -0.0107417)
(-0.012888 -0.0188922 -0.0107335)
(-0.0125232 -0.0188864 -0.0104351)
(-0.0128567 -0.0185804 -0.0107406)
(-0.0195701 -0.0250815 -0.0151081)
(-0.0191936 -0.0250976 -0.0148294)
(-0.019534 -0.0253419 -0.0150409)
(-0.0192459 -0.0254151 -0.0148169)
(-0.0191736 -0.0229212 -0.0151345)
(-0.018886 -0.0229212 -0.0149215)
(-0.0195125 -0.0226063 -0.0154247)
(-0.0195464 -0.0229152 -0.0154077)
(-0.0191959 -0.0232233 -0.0151094)
(-0.0191633 -0.0201439 -0.0154697)
(-0.0192228 -0.0210592 -0.0154081)
(-0.0192566 -0.0185634 -0.0157022)
(-0.0166689 -0.0250734 -0.0129262)
(-0.0173029 -0.0253916 -0.0133676)
(-0.0170292 -0.0250672 -0.0132059)
(-0.0167215 -0.0235456 -0.0131764)
(-0.01638 -0.0235289 -0.0129126)
(-0.0166587 -0.0226049 -0.0132483)
(-0.0163472 -0.0207517 -0.0132419)
(-0.0151253 -0.0182751 -0.0125886)
(-0.0147501 -0.0179744 -0.012325)
(-0.0140709 -0.0232408 -0.0111412)
(-0.0138038 -0.0232518 -0.0109279)
(-0.012286 -0.0204551 -0.0100609)
(-0.0124937 -0.0207651 -0.0101947)
(-0.0122174 -0.0207804 -0.0099646)
(-0.012503 -0.01858 -0.010451)
(-0.012479 -0.0182657 -0.0104608)
(-0.0202476 -0.0204616 -0.0161987)
(-0.0198286 -0.0195173 -0.0160211)
(-0.0191663 -0.0247933 -0.0148572)
(-0.0192087 -0.0244919 -0.0149346)
(-0.0198659 -0.0247338 -0.0153732)
(-0.0195441 -0.0241633 -0.0152285)
(-0.0198736 -0.0244541 -0.0154249)
(-0.0195065 -0.0244798 -0.0151537)
(-0.0192726 -0.0241658 -0.0150302)
(-0.0189255 -0.0257502 -0.0145263)
(-0.0185712 -0.0254249 -0.014318)
(-0.0185292 -0.0257263 -0.0142371)
(-0.0182475 -0.0257296 -0.0140271)
(-0.0183107 -0.0253997 -0.0141281)
(-0.0179511 -0.0253855 -0.0138608)
(-0.0175864 -0.0253922 -0.0135837)
(-0.0182807 -0.0250719 -0.0141579)
(-0.0185865 -0.0244583 -0.0144803)
(-0.017936 -0.0244648 -0.0139891)
(-0.0182203 -0.0244653 -0.0142046)
(-0.0182442 -0.0247666 -0.0141777)
(-0.0185515 -0.0241529 -0.014499)
(-0.0201762 -0.0229269 -0.015861)
(-0.0203559 -0.0229146 -0.0159923)
(-0.0186254 -0.0229277 -0.0147245)
(-0.0191756 -0.0220148 -0.0152558)
(-0.0194538 -0.0219995 -0.0154611)
(-0.0198188 -0.0219869 -0.015727)
(-0.019481 -0.0223028 -0.0154417)
(-0.0192441 -0.0216934 -0.0153465)
(-0.0192428 -0.0213628 -0.0153861)
(-0.018545 -0.0219855 -0.0147862)
(-0.0183015 -0.0232137 -0.0144404)
(-0.0183144 -0.0235435 -0.0144056)
(-0.0178979 -0.0226126 -0.0142098)
(-0.0185673 -0.0232495 -0.0146376)
(-0.0182251 -0.0223019 -0.0145015)
(-0.0179863 -0.021361 -0.0144382)
(-0.0178807 -0.022313 -0.0142354)
(-0.0176783 -0.0219964 -0.0141197)
(-0.0182508 -0.0213967 -0.0146366)
(-0.018251 -0.0201337 -0.0147906)
(-0.01828 -0.0204417 -0.0147761)
(-0.0185648 -0.0207798 -0.0149515)
(-0.019513 -0.0198188 -0.0157598)
(-0.0193001 -0.0188654 -0.0157041)
(-0.0192079 -0.0192226 -0.0156004)
(-0.0189116 -0.0188883 -0.0154174)
(-0.0189278 -0.0191978 -0.0153979)
(-0.0182315 -0.0198282 -0.0148113)
(-0.0182497 -0.0189056 -0.0149266)
(-0.0179667 -0.0210587 -0.014461)
(-0.0183102 -0.0210748 -0.0147219)
(-0.018299 -0.0207444 -0.0147539)
(-0.0178981 -0.0201423 -0.0145204)
(-0.0182006 -0.019221 -0.0148564)
(-0.0176711 -0.0195321 -0.0144191)
(-0.0178833 -0.0198393 -0.0145452)
(-0.017611 -0.0198543 -0.0143349)
(-0.0170353 -0.0204349 -0.0138183)
(-0.016662 -0.0189276 -0.0137119)
(-0.0164089 -0.019222 -0.0134807)
(-0.0166663 -0.0192159 -0.0136812)
(-0.0183038 -0.0179405 -0.0150642)
(-0.0183149 -0.0182819 -0.015038)
(-0.0182485 -0.0186144 -0.0149554)
(-0.0179303 -0.0176435 -0.0148196)
(-0.0179283 -0.017317 -0.0148514)
(-0.0179656 -0.0182739 -0.0147806)
(-0.0175981 -0.0182817 -0.0145036)
(-0.0179422 -0.0179593 -0.0147958)
(-0.0175841 -0.0179744 -0.0145242)
(-0.0176106 -0.0167526 -0.0146497)
(-0.017879 -0.0170364 -0.0148378)
(-0.0176504 -0.0169932 -0.0146625)
(-0.0167136 -0.0182744 -0.0138248)
(-0.0173684 -0.0173484 -0.0144159)
(-0.0166976 -0.0179704 -0.0138437)
(-0.0173339 -0.016691 -0.0144452)
(-0.0166293 -0.0167219 -0.0139042)
(-0.0163484 -0.016714 -0.0136892)
(-0.0173562 -0.0170064 -0.0144356)
(-0.0166436 -0.0170363 -0.0138881)
(-0.0178118 -0.0269024 -0.0134996)
(-0.0175628 -0.0269617 -0.0133009)
(-0.0166663 -0.0269185 -0.0126211)
(-0.0170497 -0.0269692 -0.0129077)
(-0.0169939 -0.0271931 -0.0128257)
(-0.0173112 -0.02703 -0.0130976)
(-0.016639 -0.026627 -0.0126509)
(-0.0162921 -0.0266303 -0.012381)
(-0.0160353 -0.0269123 -0.0121313)
(-0.0157225 -0.0271861 -0.0118355)
(-0.0160229 -0.0266375 -0.0121698)
(-0.0157317 -0.026307 -0.0119986)
(-0.0159927 -0.0253923 -0.0123528)
(-0.0160171 -0.0256927 -0.012325)
(-0.01667 -0.0241553 -0.0130554)
(-0.0164004 -0.0238311 -0.0128888)
(-0.0166635 -0.0238674 -0.0130889)
(-0.0164129 -0.0241609 -0.0128545)
(-0.0157458 -0.0244519 -0.0122946)
(-0.0157045 -0.0251046 -0.01217)
(-0.0157696 -0.0247768 -0.012268)
(-0.0156709 -0.025705 -0.0120517)
(-0.0154565 -0.0253974 -0.0119314)
(-0.0156945 -0.0260051 -0.0120208)
(-0.0154416 -0.0250676 -0.0119689)
(-0.0153462 -0.0238567 -0.0120622)
(-0.0156914 -0.0238454 -0.0123337)
(-0.0157137 -0.0241476 -0.0123109)
(-0.0154183 -0.024765 -0.0119943)
(-0.0157134 -0.0229409 -0.0124678)
(-0.0156731 -0.0235428 -0.0123592)
(-0.0157188 -0.023229 -0.0124355)
(-0.0166606 -0.0213982 -0.0134036)
(-0.0166375 -0.0223021 -0.01327)
(-0.0160917 -0.0219968 -0.0128814)
(-0.0157411 -0.021986 -0.0126094)
(-0.0160391 -0.0213676 -0.0129212)
(-0.015689 -0.0213759 -0.0126471)
(-0.0153602 -0.0216868 -0.0123514)
(-0.015401 -0.0222947 -0.0123059)
(-0.0153799 -0.0219896 -0.0123282)
(-0.0160698 -0.0216721 -0.0129057)
(-0.0157107 -0.0216785 -0.0126249)
(-0.0153948 -0.0235591 -0.0121395)
(-0.0154621 -0.0232348 -0.0122343)
(-0.0154506 -0.0229048 -0.0122675)
(-0.0150795 -0.0216864 -0.0121332)
(-0.0143967 -0.022927 -0.0114397)
(-0.014742 -0.0229163 -0.0117122)
(-0.0148225 -0.0216923 -0.0119322)
(-0.0141238 -0.0216787 -0.0113867)
(-0.0141544 -0.0219864 -0.0113713)
(-0.0137949 -0.0219896 -0.0110874)
(-0.0157109 -0.0204717 -0.0127815)
(-0.0154597 -0.0207654 -0.0125478)
(-0.0156709 -0.0210734 -0.0126724)
(-0.0153922 -0.0210898 -0.0124533)
(-0.0159974 -0.0207599 -0.0129677)
(-0.0157167 -0.0207597 -0.0127487)
(-0.015448 -0.0204355 -0.012581)
(-0.015089 -0.0204413 -0.0123)
(-0.0166192 -0.01953 -0.0136065)
(-0.0163401 -0.0195467 -0.0133879)
(-0.0160683 -0.0192026 -0.0132183)
(-0.0153591 -0.0192166 -0.0126631)
(-0.0157089 -0.0192085 -0.0129373)
(-0.0150789 -0.0192166 -0.0124439)
(-0.0156887 -0.0189029 -0.012958)
(-0.0160893 -0.0195276 -0.0131951)
(-0.0153777 -0.01952 -0.0126408)
(-0.0150332 -0.0195303 -0.01237)
(-0.0147604 -0.0207522 -0.0120038)
(-0.0141312 -0.0207597 -0.0115093)
(-0.0147392 -0.0204494 -0.0120255)
(-0.0141261 -0.0204718 -0.0115414)
(-0.0141942 -0.0201438 -0.0116357)
(-0.0135085 -0.0204416 -0.011056)
(-0.014145 -0.0195151 -0.0116733)
(-0.0145121 -0.0198387 -0.0119233)
(-0.0141734 -0.0198191 -0.011659)
(-0.0144554 -0.0188987 -0.0119912)
(-0.0147633 -0.0195448 -0.0121567)
(-0.0132382 -0.0189072 -0.0110173)
(-0.0134355 -0.0192261 -0.0111419)
(-0.0134502 -0.0195259 -0.0111194)
(-0.0160022 -0.0182855 -0.0132726)
(-0.0154407 -0.0176554 -0.0129002)
(-0.0153876 -0.0183111 -0.0127905)
(-0.0156575 -0.0182962 -0.013003)
(-0.015671 -0.0185993 -0.0129794)
(-0.015986 -0.0179812 -0.0132925)
(-0.0157056 -0.0179818 -0.0130743)
(-0.0157671 -0.0173675 -0.0131819)
(-0.0157036 -0.0176922 -0.0131021)
(-0.0153607 -0.0163639 -0.0129527)
(-0.0160257 -0.017069 -0.0134096)
(-0.0154252 -0.0173481 -0.0129168)
(-0.0147553 -0.0167264 -0.0124452)
(-0.0144025 -0.0179805 -0.0120489)
(-0.0141249 -0.0179804 -0.0118275)
(-0.0141236 -0.0176899 -0.0118548)
(-0.014089 -0.0185986 -0.0117345)
(-0.014391 -0.0176757 -0.0120695)
(-0.0132179 -0.0185796 -0.0110353)
(-0.013189 -0.0182706 -0.0110434)
(-0.0131353 -0.0176271 -0.0110636)
(-0.0131676 -0.0179564 -0.0110574)
(-0.0141866 -0.0173635 -0.0119357)
(-0.0138503 -0.0173461 -0.0116677)
(-0.0138285 -0.0170294 -0.0116796)
(-0.0144397 -0.0173586 -0.0121382)
(-0.0132197 -0.0173482 -0.011159)
(-0.0135559 -0.0235447 -0.0106896)
(-0.0131888 -0.0232207 -0.0104383)
(-0.013543 -0.0232148 -0.0107246)
(-0.012867 -0.0235311 -0.0101306)
(-0.0125197 -0.0235373 -0.00984282)
(-0.0128439 -0.0232258 -0.0101558)
(-0.0124975 -0.0232333 -0.00986877)
(-0.0135221 -0.0229125 -0.0107489)
(-0.0128214 -0.0229222 -0.0101804)
(-0.0124804 -0.0229335 -0.00989752)
(-0.0132306 -0.0213616 -0.0107189)
(-0.0134963 -0.0216862 -0.0108898)
(-0.0128767 -0.0213676 -0.0104327)
(-0.0134506 -0.0219998 -0.0108128)
(-0.0122113 -0.0216807 -0.00984506)
(-0.0121518 -0.023555 -0.00953176)
(-0.0121349 -0.023257 -0.00956129)
(-0.0119579 -0.0225927 -0.00951159)
(-0.0122063 -0.0229457 -0.0096685)
(-0.011903 -0.0219905 -0.00954781)
(-0.0116615 -0.0219883 -0.00934591)
(-0.011698 -0.0222926 -0.00933661)
(-0.0118434 -0.0213864 -0.00957758)
(-0.0119284 -0.0222928 -0.00952825)
(-0.0131614 -0.0204461 -0.0107779)
(-0.0128163 -0.0204522 -0.0104976)
(-0.012801 -0.0201525 -0.0105208)
(-0.0128558 -0.0210622 -0.0104543)
(-0.0131417 -0.0201419 -0.0107986)
(-0.012851 -0.0198548 -0.0105965)
(-0.0125816 -0.0195054 -0.0104151)
(-0.0131259 -0.0198392 -0.0108215)
(-0.0119557 -0.0191995 -0.00992885)
(-0.0119636 -0.0194911 -0.00990692)
(-0.0116717 -0.0201291 -0.00958518)
(-0.0119029 -0.0201198 -0.00978365)
(-0.0119411 -0.0204364 -0.00977737)
(-0.0119638 -0.0207632 -0.00975627)
(-0.0118858 -0.0210882 -0.00965087)
(-0.0116621 -0.0210744 -0.00946309)
(-0.0119014 -0.0198212 -0.00981745)
(-0.0128717 -0.0176199 -0.0108501)
(-0.0125429 -0.0179579 -0.0105398)
(-0.0204471 -0.0217342 -0.0162116)
(-0.0204613 -0.0222437 -0.0161571)
(-0.0204487 -0.0219914 -0.0161804)
(-0.0204621 -0.0219922 -0.01619)
)
