888
(
(-1.9420566658e-02 -1.8601216997e-02 -1.5819285065e-02)
(-1.6462877393e-02 -1.8780228371e-02 -1.3574671932e-02)
(-1.3269746055e-02 -1.7219467709e-02 -1.1212191544e-02)
(-1.6070203235e-02 -2.2086258978e-02 -1.2853257048e-02)
(-1.7859500522e-02 -2.3222642019e-02 -1.4100640081e-02)
(-1.2157406968e-02 -1.9758988172e-02 -1.0036484338e-02)
(-1.2606526725e-02 -2.0004985854e-02 -1.0378858385e-02)
(-1.2348674238e-02 -1.9588400299e-02 -1.0214068616e-02)
(-1.2724164252e-02 -1.9566946973e-02 -1.0525627683e-02)
(-1.2907169138e-02 -1.9156408807e-02 -1.0720920128e-02)
(-1.2526051762e-02 -1.9111497328e-02 -1.0413226361e-02)
(-1.2746757207e-02 -1.8373272071e-02 -1.0672394497e-02)
(-1.3127877998e-02 -1.8796245257e-02 -1.0939672589e-02)
(-1.3036527360e-02 -1.7994970704e-02 -1.0947192709e-02)
(-1.3391988662e-02 -1.8452764799e-02 -1.1189995644e-02)
(-1.3347633183e-02 -1.7663264647e-02 -1.1232353747e-02)
(-1.3671499367e-02 -1.8146164715e-02 -1.1447040054e-02)
(-1.3603019528e-02 -1.7650615424e-02 -1.1440120017e-02)
(-1.3999375825e-02 -1.7882625262e-02 -1.1736740979e-02)
(-1.4068996534e-02 -1.7099152009e-02 -1.1866020660e-02)
(-1.4307855318e-02 -1.7602946609e-02 -1.2010404530e-02)
(-1.4632234039e-02 -1.7433904732e-02 -1.2284335370e-02)
(-1.4375186215e-02 -1.6645076374e-02 -1.2151062489e-02)
(-1.5019371174e-02 -1.7350779846e-02 -1.2598061313e-02)
(-1.4706450825e-02 -1.6973317911e-02 -1.2384809554e-02)
(-1.5298603723e-02 -1.6648062194e-02 -1.2879583364e-02)
(-1.5395599417e-02 -1.7251806334e-02 -1.2902687614e-02)
(-1.5709211429e-02 -1.6611679768e-02 -1.3203329096e-02)
(-1.5737471171e-02 -1.7179373031e-02 -1.3176219227e-02)
(-1.5905208886e-02 -1.6778906186e-02 -1.3341395495e-02)
(-1.6062777489e-02 -1.7202887063e-02 -1.3426595678e-02)
(-1.6420335198e-02 -1.7318284139e-02 -1.3692065763e-02)
(-1.6295134400e-02 -1.6840206459e-02 -1.3637499884e-02)
(-1.6792586694e-02 -1.7455577850e-02 -1.3965198149e-02)
(-1.6695853323e-02 -1.6956177851e-02 -1.3935181312e-02)
(-1.7346985638e-02 -1.7073293527e-02 -1.4422636169e-02)
(-1.7181375995e-02 -1.7630778874e-02 -1.4246745345e-02)
(-1.7736482124e-02 -1.7342707763e-02 -1.4702228208e-02)
(-1.7546930040e-02 -1.7844116936e-02 -1.4509873154e-02)
(-1.7779503018e-02 -1.6943187142e-02 -1.4769094375e-02)
(-1.7880650237e-02 -1.7610621949e-02 -1.4787341778e-02)
(-1.8209088594e-02 -1.8404069046e-02 -1.4947617427e-02)
(-1.8263014654e-02 -1.7901098356e-02 -1.5038274849e-02)
(-1.7728771393e-02 -1.8267029896e-02 -1.4605171978e-02)
(-1.6719880203e-02 -1.6410019870e-02 -1.4000511728e-02)
(-1.8832670525e-02 -1.8331157664e-02 -1.5414297270e-02)
(-1.8531855817e-02 -1.8756038199e-02 -1.5151083159e-02)
(-1.8902974203e-02 -1.8618068347e-02 -1.5438111189e-02)
(-1.8839575971e-02 -1.9114126141e-02 -1.5342029122e-02)
(-1.9637769088e-02 -1.9110535582e-02 -1.5925929571e-02)
(-1.9169248641e-02 -1.9514135395e-02 -1.5542120052e-02)
(-1.9697879131e-02 -1.9562246899e-02 -1.5921814367e-02)
(-1.9395528982e-02 -2.0076264317e-02 -1.5646616928e-02)
(-1.2531352850e-02 -2.0461101085e-02 -1.0263036316e-02)
(-1.1981586926e-02 -2.0861405879e-02 -9.7589142000e-03)
(-1.4924005916e-02 -1.6335745032e-02 -1.2612597706e-02)
(-1.3161599326e-02 -2.5118912881e-02 -1.0129219542e-02)
(-1.3531168302e-02 -2.5258210798e-02 -1.0409154929e-02)
(-1.4127124101e-02 -2.6029577479e-02 -1.0757677878e-02)
(-1.4330581141e-02 -2.5570745890e-02 -1.1001778146e-02)
(-1.4411725414e-02 -2.6545222849e-02 -1.0897731098e-02)
(-1.4646734421e-02 -2.5767665356e-02 -1.1224762226e-02)
(-1.4778951183e-02 -2.6710445682e-02 -1.1169835925e-02)
(-1.4994730552e-02 -2.5940985729e-02 -1.1476718200e-02)
(-1.5245897385e-02 -2.6896343256e-02 -1.1511915053e-02)
(-1.5337397965e-02 -2.6071804265e-02 -1.1727707461e-02)
(-1.5727054638e-02 -2.7028519660e-02 -1.1869034109e-02)
(-1.5741040620e-02 -2.6167243098e-02 -1.2030340110e-02)
(-1.6212906688e-02 -2.7097367992e-02 -1.2237562177e-02)
(-1.6123459985e-02 -2.6208441705e-02 -1.2323163760e-02)
(-1.6666753218e-02 -2.7083207543e-02 -1.2592713038e-02)
(-1.6520551095e-02 -2.6191280534e-02 -1.2634964660e-02)
(-1.7112943033e-02 -2.7014903724e-02 -1.2948339184e-02)
(-1.6903209190e-02 -2.6152833675e-02 -1.2936991950e-02)
(-1.7554822688e-02 -2.6891368131e-02 -1.3307528881e-02)
(-1.7253420626e-02 -2.6027187084e-02 -1.3226600985e-02)
(-1.7966668432e-02 -2.6665498192e-02 -1.3658506485e-02)
(-1.7607390260e-02 -2.5846182058e-02 -1.3526204973e-02)
(-1.8369198466e-02 -2.6396806041e-02 -1.4006808400e-02)
(-1.7948498329e-02 -2.5621273244e-02 -1.3820961739e-02)
(-1.8741441891e-02 -2.6111389821e-02 -1.4332184568e-02)
(-1.8281108389e-02 -2.5359035159e-02 -1.4112986935e-02)
(-1.9062193731e-02 -2.5765239572e-02 -1.4626506406e-02)
(-1.8578170488e-02 -2.5056473911e-02 -1.4382518207e-02)
(-1.9360962013e-02 -2.5364767760e-02 -1.4910505464e-02)
(-1.8839955330e-02 -2.4770809337e-02 -1.4621058789e-02)
(-1.9621714329e-02 -2.4910666049e-02 -1.5172224181e-02)
(-1.9024352853e-02 -2.4417909483e-02 -1.4810845256e-02)
(-1.9830230623e-02 -2.4443274364e-02 -1.5394954011e-02)
(-1.9156114509e-02 -2.3978959769e-02 -1.4972954678e-02)
(-2.0010142277e-02 -2.3932043463e-02 -1.5600448785e-02)
(-2.0206568763e-02 -2.1144817273e-02 -1.6110441337e-02)
(-1.9307712714e-02 -2.1166545649e-02 -1.5457741295e-02)
(-2.0256215706e-02 -2.1710485841e-02 -1.6076978917e-02)
(-1.9316785658e-02 -2.1623312185e-02 -1.5408572430e-02)
(-1.2114975601e-02 -1.8889049689e-02 -1.0099187493e-02)
(-1.9326088329e-02 -2.3530503735e-02 -1.5161939897e-02)
(-2.0155224949e-02 -2.3381623750e-02 -1.5783516069e-02)
(-1.9449933742e-02 -2.3041383053e-02 -1.5320687244e-02)
(-2.0248889302e-02 -2.2843451550e-02 -1.5924866001e-02)
(-1.9515143087e-02 -2.2567577039e-02 -1.5432129924e-02)
(-2.0278138419e-02 -2.2284287338e-02 -1.6019824271e-02)
(-1.9334275896e-02 -2.2060878575e-02 -1.5366432878e-02)
(-1.7243318260e-02 -2.3988155027e-02 -1.3522807509e-02)
(-1.4859502204e-02 -1.9852016121e-02 -1.2194407793e-02)
(-1.5033856345e-02 -2.5270036111e-02 -1.1616547282e-02)
(-1.8887425462e-02 -2.2926651562e-02 -1.4921969734e-02)
(-1.5663862228e-02 -2.1022614713e-02 -1.2673467708e-02)
(-1.5209886556e-02 -1.9604274382e-02 -1.2499288345e-02)
(-1.3169256349e-02 -2.1228664244e-02 -1.0687015019e-02)
(-1.7575515434e-02 -2.3660070573e-02 -1.3823578755e-02)
(-1.6498312354e-02 -2.4402430902e-02 -1.2888443967e-02)
(-1.6030602778e-02 -2.1518576269e-02 -1.2894771062e-02)
(-1.8485871454e-02 -2.0063996315e-02 -1.4976616638e-02)
(-1.6814044366e-02 -1.9338308523e-02 -1.3781113240e-02)
(-1.6059964895e-02 -1.9481420517e-02 -1.3177979117e-02)
(-1.4805391120e-02 -1.8931061650e-02 -1.2263285927e-02)
(-1.4878400601e-02 -1.9221695761e-02 -1.2286110471e-02)
(-1.3234475007e-02 -2.0646475255e-02 -1.0812091020e-02)
(-1.6483079642e-02 -1.9631211335e-02 -1.3488577058e-02)
(-1.7187294861e-02 -2.0202271019e-02 -1.3965093531e-02)
(-1.4962146059e-02 -2.3733470589e-02 -1.1777570782e-02)
(-1.1781595026e-02 -1.9955012947e-02 -9.7027389954e-03)
(-1.2338026427e-02 -1.8406805272e-02 -1.0334254553e-02)
(-1.3652720799e-02 -1.6915339977e-02 -1.1549395820e-02)
(-1.5377565908e-02 -1.6244131451e-02 -1.2976370131e-02)
(-1.3873353290e-02 -1.8895040577e-02 -1.1530050077e-02)
(-1.8836390227e-02 -1.7829077318e-02 -1.5465739494e-02)
(-1.5638366652e-02 -1.7914963886e-02 -1.3028910694e-02)
(-1.1695321339e-02 -2.0542878037e-02 -9.5606387282e-03)
(-1.6397298624e-02 -2.1424897636e-02 -1.3193932362e-02)
(-2.0241031423e-02 -2.0751196270e-02 -1.6182116543e-02)
(-1.1646579951e-02 -2.1113140509e-02 -9.4490870833e-03)
(-1.1645366748e-02 -2.1722275764e-02 -9.3693217884e-03)
(-1.5444108906e-02 -2.0786983271e-02 -1.2532804472e-02)
(-1.1728653374e-02 -2.2345622381e-02 -9.3549986680e-03)
(-1.1847780707e-02 -2.2919246306e-02 -9.3744589637e-03)
(-1.6515253112e-02 -1.8075837443e-02 -1.3692808027e-02)
(-1.6756612187e-02 -1.8189444517e-02 -1.3867129572e-02)
(-1.2214904961e-02 -2.4039429923e-02 -9.5159892614e-03)
(-1.2452061598e-02 -2.4551540613e-02 -9.6342423931e-03)
(-1.7210509628e-02 -1.8470780924e-02 -1.4186969027e-02)
(-1.3079646975e-02 -2.5512060771e-02 -9.9987415597e-03)
(-1.3480558371e-02 -2.5912980859e-02 -1.0259898379e-02)
(-1.3767027607e-02 -2.6183249429e-02 -1.0443377309e-02)
(-1.5924524516e-02 -2.5014482439e-02 -1.2355451472e-02)
(-1.7650736496e-02 -1.8779689446e-02 -1.4490120734e-02)
(-1.8032203118e-02 -1.9124660020e-02 -1.4740606459e-02)
(-1.8333107233e-02 -1.9482890765e-02 -1.4927409589e-02)
(-1.6099054366e-02 -1.7986044288e-02 -1.3380035758e-02)
(-1.3794930652e-02 -2.1166627606e-02 -1.1192812895e-02)
(-1.3091578459e-02 -2.0900045832e-02 -1.0665894176e-02)
(-1.6045521324e-02 -2.0437511305e-02 -1.3046936442e-02)
(-1.8828090280e-02 -2.0487936834e-02 -1.5183716392e-02)
(-1.3000029760e-02 -2.1680059532e-02 -1.0493157121e-02)
(-1.8922467406e-02 -2.1063096200e-02 -1.5185888236e-02)
(-1.8488317107e-02 -1.9732539852e-02 -1.5016088573e-02)
(-1.5061756906e-02 -2.1909282232e-02 -1.2090973246e-02)
(-1.4399766922e-02 -1.9738577306e-02 -1.1847372167e-02)
(-1.4665950711e-02 -1.9632960980e-02 -1.2069481425e-02)
(-1.5699555787e-02 -1.8916570892e-02 -1.2964984092e-02)
(-1.5866248558e-02 -2.0887737473e-02 -1.2848709710e-02)
(-1.5609360610e-02 -2.5467998659e-02 -1.2040955325e-02)
(-1.3244944314e-02 -2.2918605556e-02 -1.0526151707e-02)
(-1.6384130965e-02 -1.9097753490e-02 -1.3476458999e-02)
(-1.6498378788e-02 -2.0120789607e-02 -1.3439990270e-02)
(-1.5823551143e-02 -2.5511521846e-02 -1.2202314412e-02)
(-1.7727777362e-02 -2.4827805658e-02 -1.3777743404e-02)
(-1.8103899434e-02 -2.4561357374e-02 -1.4102890467e-02)
(-1.8944581971e-02 -2.1351283416e-02 -1.5167336290e-02)
(-1.7658651496e-02 -2.0161637415e-02 -1.4334420053e-02)
(-1.8981650472e-02 -2.2158453241e-02 -1.5093521836e-02)
(-1.6102862234e-02 -2.4520259971e-02 -1.2564202150e-02)
(-1.5999733160e-02 -2.2721395517e-02 -1.2718641199e-02)
(-1.4046586429e-02 -2.3589341591e-02 -1.1074974512e-02)
(-1.6164040193e-02 -2.1801418314e-02 -1.2962670065e-02)
(-1.5696890652e-02 -2.4544231594e-02 -1.2243784964e-02)
(-1.3871217147e-02 -1.9978206605e-02 -1.1400876877e-02)
(-1.4128758882e-02 -2.0179154351e-02 -1.1579839513e-02)
(-1.9204442079e-02 -2.2255845368e-02 -1.5246107243e-02)
(-2.0374184474e-02 -2.2108185415e-02 -1.6111885508e-02)
(-1.8581694613e-02 -2.2321609780e-02 -1.4771065364e-02)
(-1.9176914667e-02 -2.2688757007e-02 -1.5168869868e-02)
(-1.9897483289e-02 -2.2442882260e-02 -1.5725004487e-02)
(-2.0359221846e-02 -2.2691768905e-02 -1.6024913018e-02)
(-1.9091487552e-02 -2.3101736481e-02 -1.5049922590e-02)
(-1.9846315806e-02 -2.2949647158e-02 -1.5620181337e-02)
(-2.0289733385e-02 -2.3250931874e-02 -1.5898926184e-02)
(-1.8538594246e-02 -2.1635438005e-02 -1.4825689296e-02)
(-1.7253425593e-02 -2.2111328940e-02 -1.3775350526e-02)
(-1.9214451313e-02 -2.1838450804e-02 -1.5306763351e-02)
(-2.0341291403e-02 -2.1525203561e-02 -1.6161410759e-02)
(-1.9673038274e-02 -2.1891246239e-02 -1.5634148382e-02)
(-1.9915481408e-02 -2.1936473126e-02 -1.5803358207e-02)
(-1.9197188318e-02 -2.1407751366e-02 -1.5347570491e-02)
(-2.0278322200e-02 -2.0947465052e-02 -1.6185895850e-02)
(-1.9662146767e-02 -2.1405681347e-02 -1.5686353669e-02)
(-1.9894550865e-02 -2.1414928138e-02 -1.5852977211e-02)
(-1.8500633538e-02 -2.2882732252e-02 -1.4636297089e-02)
(-1.7084949960e-02 -2.2680283835e-02 -1.3571434654e-02)
(-1.8919716900e-02 -2.3542604099e-02 -1.4861509514e-02)
(-2.0160657043e-02 -2.3798086991e-02 -1.5728912627e-02)
(-1.9738515839e-02 -2.3466884469e-02 -1.5470449192e-02)
(-1.8288311238e-02 -2.3332775260e-02 -1.4414492684e-02)
(-1.8743497009e-02 -2.4023296311e-02 -1.4661876485e-02)
(-1.9587454696e-02 -2.3982305701e-02 -1.5286815042e-02)
(-1.9991903876e-02 -2.4347865954e-02 -1.5526769372e-02)
(-1.9413864240e-02 -2.4433402345e-02 -1.5093389588e-02)
(-1.9781370337e-02 -2.4827765301e-02 -1.5301633937e-02)
(-1.6806428631e-02 -2.3049419746e-02 -1.3307007340e-02)
(-1.8491258845e-02 -2.4565918992e-02 -1.4393779139e-02)
(-1.9221226374e-02 -2.4879390995e-02 -1.4884255206e-02)
(-1.8213203177e-02 -2.4850114559e-02 -1.4142204697e-02)
(-1.8956234058e-02 -2.5247367099e-02 -1.4631610364e-02)
(-1.9234391550e-02 -2.5726375480e-02 -1.4760063961e-02)
(-1.7704852546e-02 -2.4254548053e-02 -1.3841919601e-02)
(-1.7885813490e-02 -2.5094905868e-02 -1.3857618285e-02)
(-1.8915907169e-02 -2.6100169867e-02 -1.4463840052e-02)
(-1.7579351241e-02 -2.5367422650e-02 -1.3582715765e-02)
(-1.8348903706e-02 -2.5892584274e-02 -1.4076042610e-02)
(-1.6368494059e-02 -2.3401057969e-02 -1.2920314136e-02)
(-1.7269238830e-02 -2.5549042349e-02 -1.3317367993e-02)
(-1.7984925459e-02 -2.6132203639e-02 -1.3763095252e-02)
(-1.8153822049e-02 -2.6683763290e-02 -1.3796779017e-02)
(-1.6851060713e-02 -2.4838949243e-02 -1.3101303950e-02)
(-1.6946139435e-02 -2.5703400994e-02 -1.3044701268e-02)
(-1.7605022217e-02 -2.6376643529e-02 -1.3434420961e-02)
(-1.7735717197e-02 -2.6934011529e-02 -1.3437889827e-02)
(-1.4566471800e-02 -2.4765051280e-02 -1.1321058497e-02)
(-1.6635037959e-02 -2.5759660328e-02 -1.2795512564e-02)
(-1.7214645942e-02 -2.6535279428e-02 -1.3109807856e-02)
(-1.7304005101e-02 -2.7091991156e-02 -1.3081573881e-02)
(-1.6386848564e-02 -2.4959763512e-02 -1.2723760679e-02)
(-1.6259541735e-02 -2.5761257236e-02 -1.2503751864e-02)
(-1.6796839734e-02 -2.6615459472e-02 -1.2775081210e-02)
(-1.6839356472e-02 -2.7179246147e-02 -1.2709427315e-02)
(-1.5839803343e-02 -2.3481186479e-02 -1.2497490582e-02)
(-1.5907259037e-02 -2.5818762680e-02 -1.2219317568e-02)
(-1.6385213162e-02 -2.6651597892e-02 -1.2450071362e-02)
(-1.6391832381e-02 -2.7219311024e-02 -1.2355797614e-02)
(-1.5561123379e-02 -2.5736050059e-02 -1.1960772797e-02)
(-1.5944902475e-02 -2.6628633340e-02 -1.2110387596e-02)
(-1.5904396152e-02 -2.7186966812e-02 -1.1980761463e-02)
(-1.5460650126e-02 -2.4944907054e-02 -1.2001951225e-02)
(-1.5224461444e-02 -2.5643398364e-02 -1.1709516558e-02)
(-1.5504379757e-02 -2.6545034721e-02 -1.1778181108e-02)
(-1.5397309636e-02 -2.7071697017e-02 -1.1601540260e-02)
(-1.4915404220e-02 -2.5506969541e-02 -1.1484975616e-02)
(-1.5093755598e-02 -2.6420904944e-02 -1.1473686745e-02)
(-1.4888674642e-02 -2.6896312833e-02 -1.1226529876e-02)
(-1.4831513787e-02 -1.8385397270e-02 -1.2345673206e-02)
(-1.5037015391e-02 -2.4769918993e-02 -1.1693410886e-02)
(-1.5298648427e-02 -2.3253530885e-02 -1.2104304818e-02)
(-1.4586637107e-02 -2.5267767409e-02 -1.1259130513e-02)
(-1.4719656669e-02 -2.6247259850e-02 -1.1201925265e-02)
(-1.4445134749e-02 -2.5789393733e-02 -1.1057167314e-02)
(-1.3151835650e-02 -2.1885448446e-02 -1.0588776320e-02)
(-1.8048276504e-02 -2.3840907961e-02 -1.4162099920e-02)
(-1.9539138302e-02 -2.5299470251e-02 -1.5051748293e-02)
(-1.4036180452e-02 -2.6464890689e-02 -1.0605514670e-02)
(-1.8676877022e-02 -2.5584366793e-02 -1.4370745979e-02)
(-1.7281750838e-02 -2.4581614882e-02 -1.3470619917e-02)
(-1.4261877785e-02 -2.3165473094e-02 -1.1302320287e-02)
(-1.5191244582e-02 -1.8765112385e-02 -1.2585327650e-02)
(-1.5224971188e-02 -2.2441274797e-02 -1.2150413978e-02)
(-1.4349479228e-02 -2.6059331993e-02 -1.0931907843e-02)
(-1.5507213461e-02 -2.4133322140e-02 -1.2151405836e-02)
(-1.5861991172e-02 -2.4094702055e-02 -1.2433899567e-02)
(-1.5309933573e-02 -2.4040157596e-02 -1.2009404910e-02)
(-1.4225231794e-02 -2.6594666143e-02 -1.0735018800e-02)
(-1.3669229423e-02 -2.5916886826e-02 -1.0411273067e-02)
(-1.4053189506e-02 -2.5334046533e-02 -1.0819862907e-02)
(-1.3813045186e-02 -2.5021322692e-02 -1.0677106678e-02)
(-1.4606507495e-02 -2.3361242687e-02 -1.1547539383e-02)
(-1.3513956529e-02 -2.4712988486e-02 -1.0482361540e-02)
(-1.2714327003e-02 -2.4836838866e-02 -9.8060080782e-03)
(-1.3250787122e-02 -2.4329260613e-02 -1.0326645337e-02)
(-1.2452669442e-02 -2.4335399891e-02 -9.6677659700e-03)
(-1.3020858169e-02 -2.3899135490e-02 -1.0203127749e-02)
(-1.2236292784e-02 -2.3806036760e-02 -9.5683624968e-03)
(-1.4344738796e-02 -2.2603852674e-02 -1.1441185760e-02)
(-1.2832274660e-02 -2.3465953146e-02 -1.0111897873e-02)
(-1.2048050761e-02 -2.3252880201e-02 -9.4931467126e-03)
(-1.4351237565e-02 -2.2322958335e-02 -1.1482676802e-02)
(-1.2683553621e-02 -2.2988780712e-02 -1.0057953186e-02)
(-1.1896521474e-02 -2.2703970472e-02 -9.4450231021e-03)
(-1.2549928389e-02 -2.2494213035e-02 -1.0016561486e-02)
(-1.1775936621e-02 -2.2099559506e-02 -9.4274347648e-03)
(-1.2463134713e-02 -2.1975734582e-02 -1.0014984757e-02)
(-1.1724170297e-02 -2.1362926811e-02 -9.4814306746e-03)
(-1.4229254797e-02 -2.1818751469e-02 -1.1451785142e-02)
(-1.2431294347e-02 -2.1473989512e-02 -1.0054388084e-02)
(-1.9473238538e-02 -2.0648773760e-02 -1.5639018267e-02)
(-1.7440664892e-02 -2.1047745521e-02 -1.4056201714e-02)
(-2.0134152845e-02 -2.0600587130e-02 -1.6122358541e-02)
(-1.2462990358e-02 -2.0968710383e-02 -1.0144541971e-02)
(-1.9957666596e-02 -1.9872330750e-02 -1.6076960290e-02)
(-1.8485477815e-02 -1.7469365771e-02 -1.5244449178e-02)
(-1.7839045574e-02 -1.7128230383e-02 -1.4800926981e-02)
(-1.4359873099e-02 -2.0657471692e-02 -1.1702024378e-02)
(-1.4240493067e-02 -2.1341045077e-02 -1.1521713498e-02)
(-1.6106116896e-02 -2.1000754088e-02 -1.3021294338e-02)
(-1.5219563929e-02 -2.2730515649e-02 -1.2109515568e-02)
(-1.3445937385e-02 -1.9440003981e-02 -1.1126137339e-02)
(-1.3711309371e-02 -1.9062704717e-02 -1.1381747512e-02)
(-1.4569971710e-02 -1.8353948991e-02 -1.2142858468e-02)
(-1.4977610980e-02 -1.8125489354e-02 -1.2488920242e-02)
(-1.8733824293e-02 -2.0202526202e-02 -1.5146441758e-02)
(-1.3005455645e-02 -2.1400249253e-02 -1.0533458243e-02)
(-1.3079142198e-02 -2.2167725489e-02 -1.0493330037e-02)
(-1.3588860010e-02 -2.3828304062e-02 -1.0676267246e-02)
(-1.3720479794e-02 -2.4049963181e-02 -1.0750325707e-02)
(-1.4016862648e-02 -2.4371837576e-02 -1.0941503259e-02)
(-1.4683305286e-02 -2.5023036947e-02 -1.1375181377e-02)
(-1.6620956982e-02 -2.5444723666e-02 -1.2834061558e-02)
(-1.6821164638e-02 -2.5413081671e-02 -1.2993752336e-02)
(-1.7202273011e-02 -2.5257686153e-02 -1.3311165385e-02)
(-1.6388940314e-02 -2.2875448689e-02 -1.3003192221e-02)
(-1.7401573559e-02 -2.5135315955e-02 -1.3482615662e-02)
(-1.8288973719e-02 -2.4378027767e-02 -1.4269506559e-02)
(-1.8522135292e-02 -2.3885260026e-02 -1.4515750421e-02)
(-1.6669378926e-02 -2.2499833877e-02 -1.3269941323e-02)
(-1.8707179154e-02 -2.3374599715e-02 -1.4726123152e-02)
(-1.6785155982e-02 -2.1876857926e-02 -1.3439698145e-02)
(-1.8982806553e-02 -2.1890060976e-02 -1.5128670571e-02)
(-1.3437053189e-02 -2.3056112851e-02 -1.0661789837e-02)
(-1.4989811617e-02 -2.2220398610e-02 -1.1995346285e-02)
(-1.3678727051e-02 -2.2611507525e-02 -1.0914144417e-02)
(-1.3532968548e-02 -2.2097459063e-02 -1.0865789217e-02)
(-1.5812736936e-02 -2.1509914349e-02 -1.2725993680e-02)
(-1.4232612525e-02 -2.4430909504e-02 -1.1105154020e-02)
(-1.5615291273e-02 -1.9441523900e-02 -1.2836093083e-02)
(-1.3733814160e-02 -2.1684520567e-02 -1.1078435617e-02)
(-1.4607734668e-02 -2.0251501352e-02 -1.1947377895e-02)
(-1.4492550554e-02 -2.1874959891e-02 -1.1651054646e-02)
(-1.7916685591e-02 -1.9995647172e-02 -1.4552300175e-02)
(-1.6269128149e-02 -2.0022553081e-02 -1.3273882990e-02)
(-1.3625508485e-02 -2.3569372793e-02 -1.0742167632e-02)
(-1.6033827017e-02 -1.8624237428e-02 -1.3259565458e-02)
(-1.4467598560e-02 -1.8650010228e-02 -1.2029284611e-02)
(-1.8126989404e-02 -1.9448868309e-02 -1.4776004168e-02)
(-1.1823895698e-02 -1.9768133759e-02 -9.7596387689e-03)
(-1.2226032404e-02 -2.0077566306e-02 -1.0056356279e-02)
(-1.2893658442e-02 -2.0342138906e-02 -1.0574135308e-02)
(-1.1721217694e-02 -2.0349904895e-02 -9.6055582787e-03)
(-1.2056160718e-02 -2.0293813820e-02 -9.8898904398e-03)
(-1.2322083426e-02 -1.9256491214e-02 -1.0229184913e-02)
(-1.2561642875e-02 -1.9726111243e-02 -1.0374034134e-02)
(-1.1978111230e-02 -1.9235413522e-02 -9.9479577815e-03)
(-1.2959029215e-02 -1.9943090777e-02 -1.0674609492e-02)
(-1.2520791342e-02 -1.8787405764e-02 -1.0443751700e-02)
(-1.2715163951e-02 -1.9284242143e-02 -1.0549703613e-02)
(-1.2188332155e-02 -1.8720607584e-02 -1.0177872144e-02)
(-1.3084995250e-02 -1.9556270291e-02 -1.0821559156e-02)
(-1.4740892065e-02 -2.1073304738e-02 -1.1947744526e-02)
(-1.3617698103e-02 -2.0136755581e-02 -1.1180359249e-02)
(-1.2426068385e-02 -1.8250703191e-02 -1.0422778316e-02)
(-1.2725969777e-02 -1.8685949966e-02 -1.0622897496e-02)
(-1.3286557980e-02 -1.9205201417e-02 -1.1024430084e-02)
(-1.2707275959e-02 -1.7825455715e-02 -1.0696137014e-02)
(-1.2984709814e-02 -1.8299236273e-02 -1.0874385325e-02)
(-1.3496080413e-02 -1.8897273888e-02 -1.1227499073e-02)
(-1.3900788501e-02 -1.9613415003e-02 -1.1468318291e-02)
(-1.3032135554e-02 -1.7443624636e-02 -1.0998146608e-02)
(-1.3279203326e-02 -1.7949377497e-02 -1.1149068984e-02)
(-1.3749267596e-02 -1.8613403663e-02 -1.1461624565e-02)
(-1.5029071830e-02 -2.0661255966e-02 -1.2225377994e-02)
(-1.3710557794e-02 -1.7376267041e-02 -1.1552696737e-02)
(-1.3755279593e-02 -1.7902436356e-02 -1.1538590305e-02)
(-1.3394446733e-02 -1.7109711344e-02 -1.1323290877e-02)
(-1.4069131265e-02 -1.8379898742e-02 -1.1742312772e-02)
(-1.4262954084e-02 -1.9187480832e-02 -1.1805672199e-02)
(-1.3787148831e-02 -1.6824082161e-02 -1.1665693174e-02)
(-1.3953945910e-02 -1.7371048530e-02 -1.1748886667e-02)
(-1.4413692678e-02 -1.8084163467e-02 -1.2047524254e-02)
(-1.4454606300e-02 -1.6900355617e-02 -1.2191432218e-02)
(-1.4405809653e-02 -1.7374267802e-02 -1.2109868849e-02)
(-1.4192074537e-02 -1.6585389152e-02 -1.2010902787e-02)
(-1.5462282735e-02 -2.0211930076e-02 -1.2620685001e-02)
(-1.4880838494e-02 -1.6768560434e-02 -1.2540619510e-02)
(-1.4781777747e-02 -1.7257609715e-02 -1.2418902790e-02)
(-1.4629437899e-02 -1.6420289253e-02 -1.2372734646e-02)
(-1.4893938166e-02 -1.7821051180e-02 -1.2454427779e-02)
(-1.5077782484e-02 -1.6304240872e-02 -1.2736280449e-02)
(-1.5120902409e-02 -1.6853852198e-02 -1.2722359349e-02)
(-1.5285252283e-02 -1.7689667642e-02 -1.2775505582e-02)
(-1.5374184276e-02 -1.8512457609e-02 -1.2757530746e-02)
(-1.5534440676e-02 -1.6233917947e-02 -1.3099744916e-02)
(-1.5518280057e-02 -1.6770768290e-02 -1.3040962939e-02)
(-1.5647072345e-02 -1.7619329815e-02 -1.3065300261e-02)
(-1.6106856987e-02 -1.6656429196e-02 -1.3507881512e-02)
(-1.5899678692e-02 -1.7040782919e-02 -1.3314529943e-02)
(-1.5994163230e-02 -1.6253622249e-02 -1.3455241608e-02)
(-1.6055251782e-02 -2.0145523672e-02 -1.3091769380e-02)
(-1.6519620394e-02 -1.6748882209e-02 -1.3817848638e-02)
(-1.6256585096e-02 -1.7124787594e-02 -1.3583079601e-02)
(-1.6435333217e-02 -1.6336559008e-02 -1.3788450199e-02)
(-1.6140863299e-02 -1.7682943493e-02 -1.3442815592e-02)
(-1.6921896487e-02 -1.6885346423e-02 -1.4113882246e-02)
(-1.6635117431e-02 -1.7240998646e-02 -1.3863818720e-02)
(-1.6854263842e-02 -1.6453024000e-02 -1.4099615005e-02)
(-1.6523354997e-02 -1.7772492642e-02 -1.3729566708e-02)
(-1.6272993137e-02 -1.8541275834e-02 -1.3454783708e-02)
(-1.7261590188e-02 -1.6610546038e-02 -1.4396762475e-02)
(-1.7094541962e-02 -1.7113943274e-02 -1.4225950465e-02)
(-1.6894480214e-02 -1.7931738868e-02 -1.3998996156e-02)
(-1.8107819060e-02 -1.7231222242e-02 -1.4999370091e-02)
(-1.8130235374e-02 -1.7616481210e-02 -1.4971527892e-02)
(-1.7204953978e-02 -1.9055197015e-02 -1.4117030427e-02)
(-1.8509505937e-02 -1.7963211983e-02 -1.5212614089e-02)
(-1.8122925734e-02 -1.8132691582e-02 -1.4911891582e-02)
(-1.8595091378e-02 -1.7572830742e-02 -1.5313970546e-02)
(-1.7807942505e-02 -1.8537598973e-02 -1.4635417610e-02)
(-1.8943846847e-02 -1.7956111580e-02 -1.5532509424e-02)
(-1.8603884305e-02 -1.8272319809e-02 -1.5251605461e-02)
(-1.8159086506e-02 -1.8896933024e-02 -1.4860042060e-02)
(-1.7672928671e-02 -1.9393997888e-02 -1.4436854670e-02)
(-1.9131766632e-02 -1.8688553323e-02 -1.5598961463e-02)
(-1.8762487918e-02 -1.8833685045e-02 -1.5313510473e-02)
(-1.9228126233e-02 -1.8330159908e-02 -1.5705203327e-02)
(-1.8472745394e-02 -1.9217850640e-02 -1.5060390035e-02)
(-1.6937463855e-02 -2.0924006899e-02 -1.3680728463e-02)
(-1.2869344093e-02 -2.5239029899e-02 -9.8701023186e-03)
(-1.9512917846e-02 -1.8758850793e-02 -1.5870862330e-02)
(-1.9265295938e-02 -1.8995738278e-02 -1.5665731393e-02)
(-1.8716240923e-02 -1.9588553036e-02 -1.5201683777e-02)
(-1.9888396685e-02 -1.9687348356e-02 -1.6046864912e-02)
(-1.9444996491e-02 -1.9704356790e-02 -1.5722799115e-02)
(-1.8943324685e-02 -1.9995408133e-02 -1.5325091469e-02)
(-1.2144783512e-02 -2.0626369243e-02 -9.9233199532e-03)
(-1.2383824525e-02 -2.0685369770e-02 -1.0114057300e-02)
(-1.1655463527e-02 -2.0916129152e-02 -9.4812906658e-03)
(-1.2848071444e-02 -2.0806824788e-02 -1.0480342122e-02)
(-1.3401200684e-02 -2.1328950301e-02 -1.0859759524e-02)
(-1.9822390750e-02 -2.0322882260e-02 -1.5928767622e-02)
(-1.9087057561e-02 -2.0477082580e-02 -1.5376816193e-02)
(-1.9854508340e-02 -2.0877416556e-02 -1.5888395409e-02)
(-1.9622636338e-02 -2.0884710054e-02 -1.5719966342e-02)
(-2.0173409333e-02 -2.0390488828e-02 -1.6174978887e-02)
(-1.9162685921e-02 -2.0954539999e-02 -1.5376798498e-02)
(-1.7124133805e-02 -2.1494940544e-02 -1.3753352687e-02)
(-1.8460308512e-02 -2.0891500637e-02 -1.4858760250e-02)
(-1.2083196702e-02 -2.1170503149e-02 -9.8045660804e-03)
(-1.2325559122e-02 -2.1218807126e-02 -9.9994565050e-03)
(-1.1637316085e-02 -2.1523494894e-02 -9.3885784348e-03)
(-1.2778263229e-02 -2.1285152063e-02 -1.0363666030e-02)
(-1.4603418609e-02 -2.1639491742e-02 -1.1768018516e-02)
(-1.2068035702e-02 -2.1744009728e-02 -9.7179242099e-03)
(-1.2319925241e-02 -2.1736847858e-02 -9.9279765661e-03)
(-1.1661700283e-02 -2.1921077122e-02 -9.3564915781e-03)
(-1.2773431838e-02 -2.1721669783e-02 -1.0303711519e-02)
(-1.2150464579e-02 -2.2329031800e-02 -9.7080285971e-03)
(-1.2384259142e-02 -2.2260575866e-02 -9.9113648757e-03)
(-1.1761386879e-02 -2.2542765985e-02 -9.3551489214e-03)
(-1.2853408232e-02 -2.2186513990e-02 -1.0307638285e-02)
(-1.2284197534e-02 -2.2860459983e-02 -9.7453414152e-03)
(-1.2501941373e-02 -2.2785818825e-02 -9.9363941699e-03)
(-1.1896888415e-02 -2.3112524301e-02 -9.3878305828e-03)
(-1.2929314747e-02 -2.2668071091e-02 -1.0304484516e-02)
(-1.2446449449e-02 -2.3382569974e-02 -9.8050438489e-03)
(-1.2656254383e-02 -2.3281291748e-02 -9.9934134632e-03)
(-1.2076046939e-02 -2.3664781203e-02 -9.4565637410e-03)
(-1.3052677115e-02 -2.3070923363e-02 -1.0349335149e-02)
(-1.4773643576e-02 -2.2340459749e-02 -1.1811330604e-02)
(-1.3652923827e-02 -2.2936463977e-02 -1.0850388246e-02)
(-1.2630285695e-02 -2.3890941714e-02 -9.8821058248e-03)
(-1.2823453173e-02 -2.3751745621e-02 -1.0062530637e-02)
(-1.2294849691e-02 -2.4218344440e-02 -9.5551967000e-03)
(-1.3218021331e-02 -2.3489172260e-02 -1.0424527961e-02)
(-1.2853340246e-02 -2.4354493866e-02 -9.9957662945e-03)
(-1.3047787982e-02 -2.4194652836e-02 -1.0180496611e-02)
(-1.2545904766e-02 -2.4720378841e-02 -9.6855526790e-03)
(-1.8554621687e-02 -2.6424032946e-02 -1.4141197627e-02)
(-1.3387630383e-02 -2.3911561196e-02 -1.0501399015e-02)
(-1.3130957261e-02 -2.4834840248e-02 -1.0149305376e-02)
(-1.3300886688e-02 -2.4629985914e-02 -1.0321048088e-02)
(-1.3014279616e-02 -2.5291560839e-02 -9.9806139867e-03)
(-1.3592353091e-02 -2.4261734759e-02 -1.0615682229e-02)
(-1.4075017224e-02 -2.3890967170e-02 -1.1056114609e-02)
(-1.3357029296e-02 -2.5309795514e-02 -1.0258398019e-02)
(-1.3601091069e-02 -2.4974051242e-02 -1.0512151755e-02)
(-1.3329057023e-02 -2.5753897925e-02 -1.0163221508e-02)
(-1.3879228383e-02 -2.4567531422e-02 -1.0801610847e-02)
(-1.4973479634e-02 -2.2868587325e-02 -1.1899658789e-02)
(-1.3713819285e-02 -2.5452744837e-02 -1.0526090550e-02)
(-1.3877269501e-02 -2.5276490177e-02 -1.0687787707e-02)
(-1.4184318483e-02 -2.4909450362e-02 -1.0994202147e-02)
(-1.4024191536e-02 -2.5761434808e-02 -1.0723249055e-02)
(-1.4131993055e-02 -2.5572541480e-02 -1.0842089852e-02)
(-1.3982668519e-02 -2.6233699794e-02 -1.0605858018e-02)
(-1.4395748886e-02 -2.5308055803e-02 -1.1098765768e-02)
(-1.4476983498e-02 -2.6290614779e-02 -1.0995941547e-02)
(-1.4723069035e-02 -2.5508729120e-02 -1.1329737802e-02)
(-1.4872353214e-02 -2.6466666410e-02 -1.1287598250e-02)
(-1.5661520573e-02 -2.2359844297e-02 -1.2500395067e-02)
(-1.5040048088e-02 -2.5712642819e-02 -1.1551231767e-02)
(-1.5268353124e-02 -2.6633057743e-02 -1.1575681468e-02)
(-1.5519758686e-02 -2.4392614762e-02 -1.2126040645e-02)
(-1.5374504340e-02 -2.5795310115e-02 -1.1803464964e-02)
(-1.5723976307e-02 -2.6747066528e-02 -1.1915965316e-02)
(-1.5739914961e-02 -2.5923336546e-02 -1.2070707045e-02)
(-1.6177285463e-02 -2.6815156763e-02 -1.2259308249e-02)
(-1.6090640798e-02 -2.5933717067e-02 -1.2343819253e-02)
(-1.6617259011e-02 -2.6803203548e-02 -1.2603462984e-02)
(-1.6477825741e-02 -2.5891140103e-02 -1.2652041701e-02)
(-1.7043001950e-02 -2.6747213677e-02 -1.2941320427e-02)
(-1.6638845826e-02 -2.4176158632e-02 -1.3028438203e-02)
(-1.6830713799e-02 -2.5893622388e-02 -1.2924792555e-02)
(-1.7460890735e-02 -2.6628678044e-02 -1.3281415838e-02)
(-1.7150621240e-02 -2.5752452513e-02 -1.3193575976e-02)
(-1.7858631288e-02 -2.6407069837e-02 -1.3621033480e-02)
(-1.7488664637e-02 -2.5596873835e-02 -1.3477109683e-02)
(-1.8241195008e-02 -2.6149664695e-02 -1.3952433753e-02)
(-1.5206915637e-02 -2.0153453574e-02 -1.2428609965e-02)
(-1.6991064573e-02 -2.3974717284e-02 -1.3329130287e-02)
(-1.7798632383e-02 -2.5363129874e-02 -1.3749573380e-02)
(-1.8601478388e-02 -2.5882329792e-02 -1.4265861983e-02)
(-1.8123598148e-02 -2.5090562180e-02 -1.4037527144e-02)
(-1.8906394020e-02 -2.5542156150e-02 -1.4547407317e-02)
(-1.7342704038e-02 -2.3704204087e-02 -1.3637751962e-02)
(-1.8436662853e-02 -2.4842927232e-02 -1.4310735588e-02)
(-1.9187976296e-02 -2.5180177142e-02 -1.4812584656e-02)
(-1.8680055315e-02 -2.4536357572e-02 -1.4538600420e-02)
(-1.9432916616e-02 -2.4753505985e-02 -1.5058446986e-02)
(-1.7633853480e-02 -2.3330450058e-02 -1.3912389986e-02)
(-1.8789149821e-02 -2.4309103688e-02 -1.4653669670e-02)
(-1.9615075861e-02 -2.4290559192e-02 -1.5261264207e-02)
(-1.8945060670e-02 -2.3837337891e-02 -1.4838283261e-02)
(-1.9792040189e-02 -2.3808787887e-02 -1.5460248726e-02)
(-1.6237711534e-02 -2.2357148429e-02 -1.2950198725e-02)
(-1.7888736601e-02 -2.2872655963e-02 -1.4169187595e-02)
(-1.9992411137e-02 -2.1146124229e-02 -1.5955920642e-02)
(-1.9528135036e-02 -2.1144170935e-02 -1.5620868032e-02)
(-1.7954865471e-02 -2.1570740889e-02 -1.4387711262e-02)
(-2.0036169017e-02 -2.1698090558e-02 -1.5920062239e-02)
(-1.9561321785e-02 -2.1643616880e-02 -1.5584228871e-02)
(-1.6542594259e-02 -2.1956208472e-02 -1.3239558786e-02)
(-1.9104255363e-02 -2.3384345074e-02 -1.5019949215e-02)
(-1.9930345938e-02 -2.3267340536e-02 -1.5637006300e-02)
(-1.9255839288e-02 -2.2948756814e-02 -1.5191816725e-02)
(-2.0017449434e-02 -2.2753048067e-02 -1.5770164939e-02)
(-1.8057954808e-02 -2.2293889895e-02 -1.4374614072e-02)
(-1.9289147730e-02 -2.2498907521e-02 -1.5276342630e-02)
(-2.0043764884e-02 -2.2224472836e-02 -1.5858752653e-02)
(-1.9548326731e-02 -2.2093369315e-02 -1.5518161468e-02)
(-1.8151507402e-02 -2.2006811574e-02 -1.4483444703e-02)
(-1.5397270521e-02 -2.1420721586e-02 -1.2414442065e-02)
(-1.4500786550e-02 -1.9150157770e-02 -1.1997808392e-02)
(-1.5035627410e-02 -2.0342271154e-02 -1.2270981446e-02)
(-1.8945337584e-02 -2.2660044953e-02 -1.5000794083e-02)
(-1.6045658539e-02 -2.3048833633e-02 -1.2713290441e-02)
(-1.3249740625e-02 -2.2426947330e-02 -1.0596189648e-02)
(-1.4332477003e-02 -2.4710313107e-02 -1.1143176506e-02)
(-1.3167174223e-02 -2.0106888687e-02 -1.0823741245e-02)
(-1.3321410554e-02 -1.9663315887e-02 -1.1000152988e-02)
(-1.7808257913e-02 -2.2236959388e-02 -1.4189458763e-02)
(-1.8177372093e-02 -2.2523804257e-02 -1.4436463205e-02)
(-1.7705350493e-02 -2.1484528358e-02 -1.4205986944e-02)
(-1.6380840912e-02 -2.1753205607e-02 -1.3138710832e-02)
(-1.8101992706e-02 -2.2794734687e-02 -1.4343308285e-02)
(-1.6493301839e-02 -2.2275310631e-02 -1.3160459697e-02)
(-1.7444654057e-02 -2.3101751382e-02 -1.3796146028e-02)
(-1.7174264416e-02 -2.3458039388e-02 -1.3539879583e-02)
(-1.6186974943e-02 -2.2623388718e-02 -1.2877154785e-02)
(-1.7985722050e-02 -2.1820654472e-02 -1.4379753731e-02)
(-1.6231326386e-02 -2.4062938367e-02 -1.2726382663e-02)
(-1.3482480310e-02 -2.1610805765e-02 -1.0888479029e-02)
(-1.6548194612e-02 -2.3894100140e-02 -1.2995662168e-02)
(-1.5769357172e-02 -2.2644008199e-02 -1.2548747472e-02)
(-1.2760033210e-02 -2.0530920476e-02 -1.0442192356e-02)
(-1.5812293937e-02 -2.2075756143e-02 -1.2653438064e-02)
(-1.4993924648e-02 -2.4247534573e-02 -1.1732852086e-02)
(-1.4567527920e-02 -2.4270300443e-02 -1.1393507011e-02)
(-1.4286703741e-02 -2.3983252545e-02 -1.1211377879e-02)
(-1.5017978226e-02 -2.3178528994e-02 -1.1894427861e-02)
(-1.3924080258e-02 -2.4094585329e-02 -1.0907175951e-02)
(-1.3859461062e-02 -2.3123440022e-02 -1.0989538083e-02)
(-1.4762718851e-02 -2.2699407612e-02 -1.1756541518e-02)
(-1.6840082904e-02 -2.1567231665e-02 -1.3522352402e-02)
(-1.4565876064e-02 -2.2176422800e-02 -1.1669802790e-02)
(-1.4884854356e-02 -2.1648280943e-02 -1.1986514243e-02)
(-1.7171928038e-02 -2.1161123489e-02 -1.3833115498e-02)
(-1.3565284200e-02 -2.1086208522e-02 -1.1021054971e-02)
(-1.8210387478e-02 -2.0610876381e-02 -1.4702670587e-02)
(-1.6663565611e-02 -2.1008866529e-02 -1.3456047823e-02)
(-1.7778874685e-02 -1.9089172905e-02 -1.4552597888e-02)
(-1.6842409347e-02 -1.9887635484e-02 -1.3735942232e-02)
(-1.6881105800e-02 -1.8471335371e-02 -1.3932846487e-02)
(-1.7356382062e-02 -1.8752635767e-02 -1.4268133168e-02)
(-1.6317951803e-02 -1.8206818650e-02 -1.3526423524e-02)
(-1.5820402031e-02 -2.0562323431e-02 -1.2855204754e-02)
(-1.5272658008e-02 -1.8196264903e-02 -1.2713102313e-02)
(-1.5567407322e-02 -2.0497544358e-02 -1.2666290936e-02)
(-2.0371944954e-02 -2.2495565936e-02 -1.6060059269e-02)
(-1.9644488270e-02 -2.2357005626e-02 -1.5553623127e-02)
(-2.0319447542e-02 -2.3059210430e-02 -1.5946688751e-02)
(-1.4111728718e-02 -1.8934143707e-02 -1.1715271510e-02)
(-1.9597004478e-02 -2.2850052764e-02 -1.5453527682e-02)
(-2.0206355179e-02 -2.3612860590e-02 -1.5788272023e-02)
(-1.5226312913e-02 -2.0880560080e-02 -1.2351085121e-02)
(-1.4786574058e-02 -2.0772024989e-02 -1.2021792742e-02)
(-2.0369765038e-02 -2.1909623096e-02 -1.6133972754e-02)
(-2.0320368931e-02 -2.1326686566e-02 -1.6170660034e-02)
(-1.4523215281e-02 -2.1124426896e-02 -1.1771006820e-02)
(-1.9507414972e-02 -2.3340521380e-02 -1.5320783791e-02)
(-2.0053332051e-02 -2.4171290919e-02 -1.5597267387e-02)
(-1.4460807356e-02 -2.1374889339e-02 -1.1690203721e-02)
(-1.3660085698e-02 -2.0503760005e-02 -1.1168953342e-02)
(-1.5324697209e-02 -2.4463726208e-02 -1.1963242044e-02)
(-1.9352603704e-02 -2.3830384637e-02 -1.5138171613e-02)
(-1.9858012597e-02 -2.4661943316e-02 -1.5382584184e-02)
(-1.9189753880e-02 -2.4273723985e-02 -1.4953723488e-02)
(-1.9630253315e-02 -2.5146393726e-02 -1.5142321897e-02)
(-1.9036772971e-02 -2.4703472853e-02 -1.4776319576e-02)
(-1.9338679189e-02 -2.5587612142e-02 -1.4859047718e-02)
(-1.8792666495e-02 -2.5013917436e-02 -1.4548020127e-02)
(-1.9032105803e-02 -2.5977112974e-02 -1.4570069189e-02)
(-1.8512221053e-02 -2.5332134217e-02 -1.4289447106e-02)
(-1.8681532393e-02 -2.6318258916e-02 -1.4253553314e-02)
(-1.8193189676e-02 -2.5621522218e-02 -1.4004466434e-02)
(-1.8290143460e-02 -2.6596747339e-02 -1.3914042773e-02)
(-1.7847942809e-02 -2.5874874244e-02 -1.3703199414e-02)
(-1.7879834399e-02 -2.6866517340e-02 -1.3558701302e-02)
(-1.7490763838e-02 -2.6073085144e-02 -1.3399488293e-02)
(-1.7454167828e-02 -2.7044485013e-02 -1.3204524294e-02)
(-1.6276441514e-02 -2.4317037935e-02 -1.2727273007e-02)
(-1.7121434212e-02 -2.6237346853e-02 -1.3089925672e-02)
(-1.6993913179e-02 -2.7152390530e-02 -1.2833132719e-02)
(-1.6750258704e-02 -2.6319012046e-02 -1.2790634918e-02)
(-1.6549113517e-02 -2.7213823050e-02 -1.2478879963e-02)
(-1.6335086276e-02 -2.6336122304e-02 -1.2466019330e-02)
(-1.6071384773e-02 -2.7204326664e-02 -1.2108462552e-02)
(-1.5941203882e-02 -2.6337393870e-02 -1.2158295140e-02)
(-1.5572514075e-02 -2.7115016555e-02 -1.1732320612e-02)
(-1.5525142662e-02 -2.6256450762e-02 -1.1844648359e-02)
(-1.5071028533e-02 -2.6967785011e-02 -1.1360481692e-02)
(-1.5142037533e-02 -2.6148235425e-02 -1.1559245487e-02)
(-1.4560996555e-02 -2.6745647192e-02 -1.0985952492e-02)
(-1.4793752072e-02 -2.5994248688e-02 -1.1305486473e-02)
(-1.4682618591e-02 -2.4510005489e-02 -1.1450453041e-02)
(-1.3781937771e-02 -2.5699194521e-02 -1.0539324954e-02)
(-1.4351516652e-02 -2.4245942632e-02 -1.1226089982e-02)
(-1.4226463934e-02 -2.5162588805e-02 -1.0987096777e-02)
(-1.3946819740e-02 -2.4825740606e-02 -1.0816287249e-02)
(-1.3658319289e-02 -2.4502050752e-02 -1.0632640061e-02)
(-1.2886409958e-02 -2.4693955978e-02 -9.9701723084e-03)
(-1.3840395647e-02 -2.3444016774e-02 -1.0930954479e-02)
(-1.2749937673e-02 -2.5065628812e-02 -9.7994847844e-03)
(-1.3397890764e-02 -2.4171947191e-02 -1.0471000957e-02)
(-1.2633242955e-02 -2.4198172614e-02 -9.8379726211e-03)
(-1.3213596928e-02 -2.3773357272e-02 -1.0379674534e-02)
(-1.2429302248e-02 -2.3706427465e-02 -9.7431034471e-03)
(-1.3034104059e-02 -2.3329158003e-02 -1.0297348412e-02)
(-1.2256004848e-02 -2.3164700096e-02 -9.6785308172e-03)
(-1.3484659294e-02 -2.2381857658e-02 -1.0790042269e-02)
(-1.2878146954e-02 -2.2915207470e-02 -1.0228424333e-02)
(-1.2098389988e-02 -2.2637310127e-02 -9.6221724525e-03)
(-1.3370743332e-02 -2.1860271692e-02 -1.0767382880e-02)
(-1.2782708431e-02 -2.2450038542e-02 -1.0214180686e-02)
(-1.1977450612e-02 -2.2051352387e-02 -9.6015961220e-03)
(-1.2699503762e-02 -2.1945847198e-02 -1.0213638966e-02)
(-1.1937042388e-02 -2.1432847405e-02 -9.6494453028e-03)
(-1.2648431895e-02 -2.1488698820e-02 -1.0231468827e-02)
(-1.9233710443e-02 -2.0696228991e-02 -1.5458977160e-02)
(-1.9582304483e-02 -2.0337332040e-02 -1.5753306448e-02)
(-1.9945196807e-02 -2.0627030482e-02 -1.5982908507e-02)
(-2.0119830345e-02 -2.0198736961e-02 -1.6157949964e-02)
(-1.2698556917e-02 -2.1020346011e-02 -1.0331670754e-02)
(-1.5844566748e-02 -1.8113623063e-02 -1.3168724564e-02)
(-1.5277425759e-02 -1.9076391434e-02 -1.2616124935e-02)
(-1.9957767799e-02 -2.0104687040e-02 -1.6051188732e-02)
(-1.8222636854e-02 -2.0224320392e-02 -1.4758510205e-02)
(-1.5967415025e-02 -2.5329393024e-02 -1.2342598600e-02)
(-1.7913766205e-02 -1.9653849925e-02 -1.4590449631e-02)
(-1.8443555882e-02 -1.8481583645e-02 -1.5112992066e-02)
(-1.9134115428e-02 -1.8196803207e-02 -1.5649249467e-02)
(-1.6955491155e-02 -1.9626577695e-02 -1.3855817728e-02)
(-1.7788133894e-02 -1.7839956408e-02 -1.4693556043e-02)
(-1.8368326748e-02 -1.7387044926e-02 -1.5169444494e-02)
(-1.4143944718e-02 -2.0485479385e-02 -1.1553723986e-02)
(-1.3974587743e-02 -2.0960547030e-02 -1.1360667335e-02)
(-1.4182522583e-02 -2.1068609630e-02 -1.1510783186e-02)
(-1.4352653796e-02 -2.0931590969e-02 -1.1661771685e-02)
(-1.4576116577e-02 -2.0549027870e-02 -1.1885307729e-02)
(-1.4824747729e-02 -2.0155513659e-02 -1.2129466360e-02)
(-1.5095037408e-02 -1.9830308234e-02 -1.2381516087e-02)
(-1.5454762926e-02 -1.9660095995e-02 -1.2683884241e-02)
(-1.5844627594e-02 -1.9588608295e-02 -1.2996984335e-02)
(-1.6262564187e-02 -1.9695704803e-02 -1.3309448957e-02)
(-1.6626720006e-02 -1.9876750807e-02 -1.3569934294e-02)
(-1.6954227661e-02 -2.0134227350e-02 -1.3792653879e-02)
(-1.7442004755e-02 -2.0684082682e-02 -1.4102786779e-02)
(-1.7667912568e-02 -2.1211050451e-02 -1.4211548803e-02)
(-1.7915037150e-02 -2.1067953358e-02 -1.4420174373e-02)
(-1.3882180986e-02 -2.1483084187e-02 -1.1221474037e-02)
(-1.4119808562e-02 -2.1549439058e-02 -1.1400258789e-02)
(-1.4116116489e-02 -2.2715150689e-02 -1.1246658862e-02)
(-1.4156440583e-02 -2.2090505809e-02 -1.1359604386e-02)
(-1.4548452571e-02 -2.2816265002e-02 -1.1573522662e-02)
(-1.4445415388e-02 -2.3579840238e-02 -1.1391772578e-02)
(-1.4844984127e-02 -2.3415619507e-02 -1.1727654375e-02)
(-1.5218476144e-02 -2.3780895397e-02 -1.1972341376e-02)
(-1.7406375458e-02 -1.7614207541e-02 -1.4422241909e-02)
(-1.5659725604e-02 -2.3971782376e-02 -1.2292262167e-02)
(-1.6033127283e-02 -2.3953003809e-02 -1.2586423817e-02)
(-1.6362546012e-02 -2.3866272842e-02 -1.2854777587e-02)
(-1.6664930930e-02 -2.3699733739e-02 -1.3112249474e-02)
(-1.6970361272e-02 -2.3494508117e-02 -1.3376775819e-02)
(-1.7217876390e-02 -2.3185207198e-02 -1.3609462418e-02)
(-1.7483282834e-02 -2.2825725377e-02 -1.3862007918e-02)
(-1.7597777148e-02 -2.1748149147e-02 -1.4089244418e-02)
(-1.7657127231e-02 -2.2410309563e-02 -1.4050285953e-02)
(-1.6746764382e-02 -1.8749823173e-02 -1.3798007121e-02)
(-1.6860099509e-02 -2.4229274442e-02 -1.3193184820e-02)
(-1.7025968060e-02 -1.7399353907e-02 -1.4148628960e-02)
(-1.7542188366e-02 -1.6766037792e-02 -1.4598427651e-02)
(-1.3170612976e-02 -2.2663768381e-02 -1.0500801727e-02)
(-1.7125119145e-02 -1.6549078127e-02 -1.4297956601e-02)
(-1.6613978893e-02 -2.1318274240e-02 -1.3377434574e-02)
(-1.5824298064e-02 -1.8417359019e-02 -1.3119894080e-02)
(-1.6285594553e-02 -1.6306590910e-02 -1.3675781898e-02)
(-1.5552069992e-02 -1.7076584821e-02 -1.3040718623e-02)
(-1.5835985541e-02 -1.6242457554e-02 -1.3333613674e-02)
(-1.5545028883e-02 -1.9151352967e-02 -1.2816348113e-02)
(-1.5184108168e-02 -1.7151779806e-02 -1.2745707917e-02)
(-1.4943621121e-02 -1.8708827595e-02 -1.2397652181e-02)
(-1.4480416042e-02 -1.6472316658e-02 -1.2250125098e-02)
(-1.4090503876e-02 -1.7625585819e-02 -1.1834460621e-02)
(-1.4049486257e-02 -1.6657283530e-02 -1.1890739823e-02)
(-1.3910312206e-02 -2.2510870670e-02 -1.1110934429e-02)
(-1.4854736937e-02 -2.3988973970e-02 -1.1658669139e-02)
(-1.4590910636e-02 -1.8903692563e-02 -1.2097733095e-02)
(-1.4091068568e-02 -2.3002763589e-02 -1.1189018687e-02)
(-1.4490639480e-02 -2.3090272521e-02 -1.1492297364e-02)
(-1.7462818573e-02 -2.4863922969e-02 -1.3569598397e-02)
(-1.5415667867e-02 -2.2268108403e-02 -1.2320676818e-02)
(-1.4467227273e-02 -2.3829992861e-02 -1.1375150643e-02)
(-1.4898278130e-02 -2.4510844921e-02 -1.1620626474e-02)
(-1.7785678307e-02 -2.3933228726e-02 -1.3948207411e-02)
(-1.5381984413e-02 -2.3538046206e-02 -1.2132301927e-02)
(-1.4938189338e-02 -2.5027065227e-02 -1.1577360332e-02)
(-1.3428703261e-02 -2.3368444915e-02 -1.0612152827e-02)
(-1.5625953985e-02 -2.3635768642e-02 -1.2310221791e-02)
(-1.4376305354e-02 -2.0053620140e-02 -1.1790210071e-02)
(-1.3168564998e-02 -1.8525951232e-02 -1.1000972241e-02)
(-1.2918431001e-02 -1.7570328588e-02 -1.0893430561e-02)
(-1.6044711073e-02 -2.3675501967e-02 -1.2632055208e-02)
(-1.6139755026e-02 -2.4829906722e-02 -1.2549774721e-02)
(-1.6247659922e-02 -2.3629344379e-02 -1.2796392354e-02)
(-1.2923235384e-02 -1.8882208193e-02 -1.0763588672e-02)
(-1.6958680625e-02 -2.5170776993e-02 -1.3136424435e-02)
(-1.6274946431e-02 -2.3143128181e-02 -1.2880325938e-02)
(-1.2605749071e-02 -1.7967545738e-02 -1.0598910662e-02)
(-1.6600116466e-02 -2.3443620031e-02 -1.3095286675e-02)
(-1.7856258278e-02 -2.4534704785e-02 -1.3918338033e-02)
(-1.6424226885e-02 -2.5279120232e-02 -1.2706373197e-02)
(-1.6615753993e-02 -2.2833731646e-02 -1.3185717786e-02)
(-1.7035252725e-02 -2.2960303351e-02 -1.3496687015e-02)
(-1.8511161208e-02 -2.3531297222e-02 -1.4556770834e-02)
(-1.6909750799e-02 -2.2435502460e-02 -1.3465978516e-02)
(-1.3476236413e-02 -2.0732351889e-02 -1.0994507310e-02)
(-1.8297307193e-02 -2.3017554233e-02 -1.4463532095e-02)
(-1.8345230569e-02 -2.1298076337e-02 -1.4720950276e-02)
(-1.6976235434e-02 -2.2131628667e-02 -1.3556636249e-02)
(-1.7346397042e-02 -2.1784267078e-02 -1.3889412706e-02)
(-1.8832534552e-02 -2.1618454407e-02 -1.5050245449e-02)
(-1.2462183523e-02 -2.0185853044e-02 -1.0238764808e-02)
(-1.2011013615e-02 -2.3477652421e-02 -9.4300083195e-03)
(-1.8438571443e-02 -2.2573049491e-02 -1.4629695254e-02)
(-1.1920085487e-02 -1.9414149846e-02 -9.8798653732e-03)
(-1.8834779039e-02 -2.2372803340e-02 -1.4955681438e-02)
(-1.4643999748e-02 -2.4012579272e-02 -1.1489497498e-02)
(-1.9139810155e-02 -2.0168559626e-02 -1.5450167780e-02)
(-1.3275470585e-02 -2.5562938924e-02 -1.0150604881e-02)
(-1.3450809444e-02 -1.8180456633e-02 -1.1265285003e-02)
(-1.9113591562e-02 -1.9205694397e-02 -1.5533399768e-02)
(-1.7408193400e-02 -2.2364080573e-02 -1.3863330086e-02)
(-1.8687655528e-02 -2.3041255772e-02 -1.4756609996e-02)
(-1.8063760673e-02 -2.3459941770e-02 -1.4225721359e-02)
(-1.7306202402e-02 -2.2629161676e-02 -1.3750071948e-02)
(-1.6785149152e-02 -2.3310792322e-02 -1.3256678979e-02)
(-1.7395303895e-02 -2.4265340840e-02 -1.3602346492e-02)
(-1.6998800139e-02 -2.4558986227e-02 -1.3255135467e-02)
(-1.8923295662e-02 -1.9712891430e-02 -1.5340861554e-02)
(-1.9489942739e-02 -1.8985799824e-02 -1.5830871960e-02)
(-1.7686001336e-02 -2.0537466432e-02 -1.4309482339e-02)
(-1.8688178311e-02 -1.9298228746e-02 -1.5211571629e-02)
(-1.9264062246e-02 -1.8520981073e-02 -1.5712524764e-02)
(-1.7374580726e-02 -2.0001079266e-02 -1.4134539912e-02)
(-1.8393510953e-02 -1.8956101189e-02 -1.5028420215e-02)
(-1.5849868457e-02 -2.3184519882e-02 -1.2543416892e-02)
(-1.8979181846e-02 -1.8148387472e-02 -1.5539828688e-02)
(-1.7897630110e-02 -1.8077408895e-02 -1.4751358889e-02)
(-1.8648058176e-02 -1.7768474296e-02 -1.5333562779e-02)
(-1.5946869428e-02 -1.8926290174e-02 -1.3156680390e-02)
(-1.8062964082e-02 -1.8619355435e-02 -1.4817330365e-02)
(-1.8206608792e-02 -1.7400630439e-02 -1.5051270214e-02)
(-1.5431961045e-02 -2.5242570167e-02 -1.1935687624e-02)
(-1.5421643232e-02 -2.2969778627e-02 -1.2236679904e-02)
(-1.4181791805e-02 -1.9499319916e-02 -1.1704443023e-02)
(-1.6599834586e-02 -2.0399160683e-02 -1.3484039965e-02)
(-1.7300713807e-02 -1.8170909956e-02 -1.4287516785e-02)
(-1.7503411199e-02 -1.7342132827e-02 -1.4520811227e-02)
(-1.7668470119e-02 -1.6845627377e-02 -1.4689196832e-02)
(-1.7513466378e-02 -1.8117839471e-02 -1.4456632547e-02)
(-1.7998614038e-02 -1.7148494100e-02 -1.4925380237e-02)
(-1.8283801153e-02 -2.4067704255e-02 -1.4309850832e-02)
(-1.6557322194e-02 -1.9353826841e-02 -1.3579880508e-02)
(-1.7109178007e-02 -1.7913758755e-02 -1.4165260829e-02)
(-1.6220023856e-02 -2.5464174027e-02 -1.2519534367e-02)
(-1.7394232253e-02 -1.6809235637e-02 -1.4481451362e-02)
(-1.6107289121e-02 -1.9160853699e-02 -1.3253685708e-02)
(-1.6972504556e-02 -1.6617691765e-02 -1.4175570880e-02)
(-1.6733296836e-02 -1.7704982931e-02 -1.3897049862e-02)
(-1.6177399705e-02 -2.1285503482e-02 -1.3039887262e-02)
(-1.6557096814e-02 -1.6493068387e-02 -1.3868457017e-02)
(-1.6367862622e-02 -1.7600373055e-02 -1.3625962039e-02)
(-1.5999528269e-02 -1.7478954047e-02 -1.3352435393e-02)
(-1.6130641724e-02 -1.6395203769e-02 -1.3548536226e-02)
(-1.5794804009e-02 -1.7460857208e-02 -1.3195139977e-02)
(-1.5695400536e-02 -1.6344706838e-02 -1.3215436911e-02)
(-1.1764428889e-02 -2.0775763318e-02 -9.5891803503e-03)
(-1.5433268932e-02 -1.7513067151e-02 -1.2908348503e-02)
(-1.5082845775e-02 -1.7627406865e-02 -1.2622198090e-02)
(-1.5102811779e-02 -1.9310740754e-02 -1.2451274010e-02)
(-1.9721662005e-02 -1.9286805143e-02 -1.5968524540e-02)
(-1.4680919858e-02 -1.7720719179e-02 -1.2295723582e-02)
(-1.4476218261e-02 -1.7827164382e-02 -1.2122905192e-02)
(-1.3966665293e-02 -1.6853170469e-02 -1.1806600417e-02)
(-1.5640493793e-02 -2.1286332359e-02 -1.2620997926e-02)
(-1.3760861630e-02 -2.1983358388e-02 -1.1061345848e-02)
(-1.4154201684e-02 -1.8116985137e-02 -1.1837303949e-02)
(-1.3580069256e-02 -1.7123276368e-02 -1.1471397864e-02)
(-1.5320119758e-02 -2.1930802613e-02 -1.2289159621e-02)
(-1.3124593223e-02 -2.0364472643e-02 -1.0758481920e-02)
(-1.5202842963e-02 -2.1250580748e-02 -1.2285192497e-02)
(-1.4226249109e-02 -1.8643138309e-02 -1.1838959220e-02)
(-1.5391391702e-02 -1.7954087506e-02 -1.2831917343e-02)
(-1.6241262977e-02 -2.0717459420e-02 -1.3163561933e-02)
(-1.5886610995e-02 -2.4407858650e-02 -1.2410787555e-02)
(-1.3830525180e-02 -1.8389267226e-02 -1.1550199551e-02)
(-1.3208546676e-02 -1.7432404061e-02 -1.1142039361e-02)
(-1.3531421001e-02 -1.8642609318e-02 -1.1283175709e-02)
(-1.2873180831e-02 -1.7785375938e-02 -1.0835134424e-02)
(-1.3315961075e-02 -1.8977723395e-02 -1.1073019356e-02)
(-1.2583540442e-02 -1.8181916947e-02 -1.0558627546e-02)
(-1.5441943581e-02 -2.1729035924e-02 -1.2409513506e-02)
(-1.2341894830e-02 -1.8623170132e-02 -1.0314344428e-02)
(-1.3082408657e-02 -1.9297923893e-02 -1.0848414774e-02)
(-1.2918756033e-02 -1.9697460035e-02 -1.0669988580e-02)
(-1.2128503683e-02 -1.9115403295e-02 -1.0085208031e-02)
(-1.1838924140e-02 -2.0200063785e-02 -9.7209758436e-03)
(-1.3928790577e-02 -2.0651536062e-02 -1.1363355443e-02)
(-1.5192791199e-02 -2.4251293391e-02 -1.1888817263e-02)
(-1.2809321284e-02 -2.0091452325e-02 -1.0535072846e-02)
(-1.1953353571e-02 -1.9637548675e-02 -9.8816786582e-03)
(-1.5250497808e-02 -1.6386017824e-02 -1.2864505251e-02)
(-1.4809492975e-02 -1.6499324391e-02 -1.2507879175e-02)
(-1.4303508836e-02 -1.7125010490e-02 -1.2051058933e-02)
(-1.4685808060e-02 -1.9356380527e-02 -1.2118688474e-02)
(-1.3944137531e-02 -2.2167120129e-02 -1.1182388912e-02)
(-1.8414047857e-02 -2.1985286226e-02 -1.4686663946e-02)
(-1.6571826612e-02 -2.4735509728e-02 -1.2899359067e-02)
(-1.5697911382e-02 -2.4841208632e-02 -1.2202876310e-02)
(-1.5264567919e-02 -2.4719041462e-02 -1.1880061279e-02)
(-1.4236461061e-02 -2.3431474343e-02 -1.1246859717e-02)
(-1.7931786055e-02 -2.0758032178e-02 -1.4471522843e-02)
(-1.6924740126e-02 -1.9051829974e-02 -1.3901026919e-02)
(-1.4959919887e-02 -2.1332556382e-02 -1.2085437154e-02)
(-1.3363316345e-02 -1.9968303541e-02 -1.0997714164e-02)
(-1.5595280876e-02 -1.9944606349e-02 -1.2758187018e-02)
(-1.5833350519e-02 -1.9925863172e-02 -1.2946340566e-02)
(-1.5614892356e-02 -1.8588954583e-02 -1.2936964010e-02)
(-1.6839994118e-02 -2.0401713749e-02 -1.3670695635e-02)
(-1.6991565004e-02 -2.0635991668e-02 -1.3759306011e-02)
(-1.8734524647e-02 -2.0815639446e-02 -1.5074967096e-02)
(-1.6886547208e-02 -2.3727235074e-02 -1.3280970976e-02)
(-1.7701718335e-02 -2.2704437996e-02 -1.4046799392e-02)
(-1.8078560630e-02 -2.1327373261e-02 -1.4513512142e-02)
(-1.7775724952e-02 -2.1963939071e-02 -1.4199389766e-02)
(-1.7227369050e-02 -2.0509445419e-02 -1.3958278112e-02)
(-1.5688265053e-02 -2.1782253558e-02 -1.2594073700e-02)
(-1.5645580677e-02 -2.2930039093e-02 -1.2416298501e-02)
(-1.5233680916e-02 -2.5358709817e-02 -1.1761556690e-02)
(-1.7393362398e-02 -1.9387075678e-02 -1.4223274775e-02)
(-1.6477507229e-02 -2.0718298232e-02 -1.3347969701e-02)
(-1.7254595334e-02 -1.9671977808e-02 -1.4081975756e-02)
(-1.3690569438e-02 -1.9377956788e-02 -1.1328975049e-02)
)
